41 68 1367 43 10 3718 24 5 1217 7 285 23 1291 195 4	41 68 1367 43 10 3718 24 5 1217 7 48 1291 195 4
33 31 1768 9 4439 1574 66 5 773 326 4	33 31 126 1768 9 4439 10 158 62 1574 66 5 773 326
7 155 10 6428 255 52 744 31 1020 17 4	7 155 10 671 6428 255 52 744 31 1020 17
6 124 749 59 219 7 33 260 32 2068 4	6 496 7 87 33 260 32 49 4
305 66 47 5 4269 381 11 70 184 300 4	305 66 47 5 4269 381 11 3674 70 184 300 4
5 563 103 17 5901 13 78 92 4	5 563 103 17 5901 13 872 32584 488 78 92 4
6 97 1687 328 11 107 486 14 175 371 4	6 16668 128 211 11 1259 328 4
7 183 36 6 84 15053 4446 42 114 16 569 4	5 4446 173 13 49 24 16 569
314 11 5 299 29 113 5 146 2007 8 58 148 4	314 11 5 299 29 113 5 146 2007 8 7 225 4
7 26 19 30 51 30 196 78 586 424 4	123 10 49 30 145
32 19 18 49 14 1665 24 46 612 4	159 14 612
52 6 1494 5 455 5 1755 26 18 33 1115 7 4	52 6 1494 6 26 266 11 606 33 33 1115 7 4
9 8 77 110 151 241 74 499 64 12 102 4	74 73 499 151 674 15 12 102 4
2051 44 6 43 801 256 7 24 20 1289 923 4	49 44 6 43 58 801 256 7 24 20 1289 923
6 84 111 219 32 151 15 45 5418 2774 241 4	6 84 111 219 10 137 15 45 5418 241
76 10 137 287 6 610 6 26 9955 13102 4	76 10 137 287 6 610 6 26 9955 8389 4
5 2108 261 2041 8317 30 205 30 2236 4	5 2108 2236 2345 39 2041 73 56 4
104 6346 22 69 11 372 7 145 576 32 67 147 32563 4	104 3743 22 69 11 372 7 145 576 32 6 67 72 369 29
147 28 2128 57 5 79 28 3681 15 9872 4	147 420 28 15 2128 57 5 79 420 28 3681 15 9872 4
45 31 3365 2071 8 25 33 71 23 232 36 7 4	45 31 3365 2071 8 9 33 232 400 36 7 4
29 1143 1001 13 5 32564 15 3702 8843 4	29 15419 680 132 13 5 17316 15 3702 8843
6 136 20960 5 3356 119 24 11 58 2986 4	6 136 20960 5 3356 119 24 9 7 225
58 1894 24 5 1713 193 6 22 19 80 7 339 4	58 1894 24 5 1713 193 6 22 19 80 7 479 339 25 6 13928 927 51 241 4
453 74 54 19 35 753 12 60 141 4	453 74 312 19 140 11 35 753 12 60 141
4963 325 6 143 12 206 57 10 1143 4501 64 28 120 293 4	4963 8 6 143 12 206 57 10 1143 4501 120 293 9 7 115 93 4
6 291 5 423 282 9 7 5186 209 4	6 291 5 153 282 9 7 93 56 4
6 54 128 105 3260 2224 252 141 4	6 54 105 3260 2224 252 141 4
5 859 24 5 1205 104 19 2209 18 5 1948 110 2830 4	5 859 24 5 1205 104 2209 18 5 1948 110 2830 4
74 218 83 1571 11 129 433 738 4020 13811 4	74 218 73 1476 17 720 433 738 4020 13811 4
5 259 13 34 3051 9 19 209 1314 1740 4	5 259 13 34 953 9 209 1314 1740 4
12 13 19 226 5 167 9 5 288 798 13 3067 4	12 13 226 5 167 9 5 288 798 13 680 4
5 1623 18 262 20 12 2256 31 719 4	95 337 17 5 2256 13 49
5637 398 235 80 11 35 380 8 25 18 7171 1213 290 4	5637 398 235 80 11 35 380 8 9 18 7171 2779 290 4
5 725 4298 5 446 974 8 25 5 8409 128 1473 4	5 725 1473
32 6 67 12 60 737 7 48 374 11 8602 16 4975 4	32 6 67 12 60 9 7 1544 61 8602 16 4975 4
6 48 19 85 234 16 1555 29 240 4	6 48 234 16 1555 29 240
74 22 111 7463 196 249 14 216 9 409 101 12 4	74 22 111 7463 196 249 14 216 9 409 101 12 8 363 72 1384 4
6 67 12 169 14 196 1000 429 4	6 496 12 20 196 1000 429 4
13 18 81 21 218 186 14 178 148 1606 4	13 18 81 21 218 186 14 178 59 7 290 4
19 18 74 176 15 43 11 70 18 4	19 18 74 43 11 70 18 4
16 1128 436 34 375 9 6 99 9086 76 1650 12 4	16 1128 436 3182 9 6 99 58984 76 1650 12 4
16 526 37 301 23 46 42 1527 17 45 5705 4	16 605 550 106 45 5705
1215 74 42 22 196 300 8120 14 260 4	1215 74 42 22 196 8120 14 260 4
193 18 69 6 22 654 5 102 4	193 18 69 6 22 19 654 5 102 4
3439 19 226 81 26 591 14 7 118 393 4	7 26 3439 226 81 26 591 14 4
237 21 309 29 1188 8 21 84 641 53 42 4	77 31 228 2222 11 1374 57 4
6 97 37 186 968 11 5 181 6 59 11 399 7 4	7 54 35 49 11 399
6 36 6025 252 30 10 5088 8 32 12 26 10 1321 4	6 106 6025 252 30 10 5088 8 32 12 26 10 100 1237
5 389 6393 7295 13 5 34 6231 15 380 4	12 26 30 19467 30 5 389 6393 7295 116 13 5 34 6231 15 380 4
5 96 69 219 8 241 73 7563 195 182 658 40	5 96 69 219 8 241 73 15069 55 182 658 40
112 711 5456 77 31 2747 11 35 4025 25 6 26 9363 4	112 711 5456 77 31 2747 11 35 4025 25 7 104 3743 86 20 61
5 899 1814 7731 8245 116 89 19 5368 2701 4	5 899 1814 72 7765 1823 794 7731 8245 4
6 373 23 570 5 9202 407 15 8526 17 16 2124 4	6 373 23 570 5 1648 407 15 8526 17 16 2124
96 8 6 129 53 227 378 16 3822 4761 4	96 8 6 3674 129 53 227 378 16 3822 4761 4
19 10 51 60 14 4657 85 221 7 530 7 63 4840 683 4	19 5 157 60 14 4657 85 221 7 530 7 63 4840 683
6 48 128 142 12 691 388 15 167 88 4	6 48 142 12 167 88
6 84 80 7 643 9 7 63 588 335 4	80 7 171 280
6 531 7 698 5 1424 9 1265 7 11 10 2928 1634 4	6 531 7 698 5 1424 9 7 8483 34 51 46 81 7 89
39 23 998 130 7 5366 52 21 413 710 68 249 4	39 400 998 130 7 5366 52 21 413 710 68 249 4
87 7 27 83 208 14 16 310 867 4	7 27 37 153 14 16 310 867 4
154 26 51 11 234 61 10 947 153 240 4	154 26 49 9 319 61 10 947 153 240 4
7 5532 14 58 452 8 2058 101 6907 4	7 5532 14 58 452 8 25 2058 110 201 4
6 67 12 352 14 16 2818 10 137 120 119 4	6 67 12 601 352 14 16 2818 10 137 120 119 4
41 21 31 1175 11 9804 8 12 301 23 14 21 4	41 21 31 1175 11 9804 8 12 13 14 21 4
117 1432 458 9 148 24 57 77 4	117 866 1432 458 9 148 24 57 77 4
74 84 136 28 15 45 1323 1979 193 6178 40	74 13928 136 42 15 45 1323 1979 193 6178 40
6 207 394 11 16 1609 14 98 8 1161 4	6 207 394 11 16 1609 14 98 8 1266 21 32 34 78 4
6 84 80 45 10 137 214 9 343 53 34 209 4	6 84 80 45 10 137 214 9 496 53 4
12 29 1405 24 196 1539 3702 787 4	12 29 1405 24 196 1539 9 13 1469 80 4
112 287 572 6 58 324 582 53 1164 24 5 3093 4	112 287 572 6 582 53 1327 24 5 3093 4
6 784 479 14 1256 14 5 8731 7079 5635 9 2658 170	6 1672 10 100 1256 14 5 8731 7079 5635 9 253 2658 170
71 23 105 12 581 21 36 1419 6970 4	105 12 30 21 54 128 22 11 399 5 1000 4
12 552 54 234 21 1885 41 21 22 1175 317 4	12 552 54 454 68 317
6 48 19 105 231 371 57 12 2152 4	6 48 19 105 231 371 57 147 2152 4
6 124 232 91 15 5 3867 85 76 78 4306 4	6 124 3743 232 5 3867 4
9 76 42 18 8 5 735 343 83 4	9 76 42 18 8 5 735 26 404 30 56 4
5 2271 13 32 3842 6 43 11 622 16 1738 4	77 13 58 76 260 4
6 99 242 1709 11 450 5 2681 955 4	6 173 968 11 987 5 2681 955 4
5 482 271 13262 8 25 89 19 244 4	5 482 271 13262 9 818 209 4
5 60 13 19 548 25 7 312 37 35 5 29 6 291 4	5 60 13 34 548 9 7 312 37 35 5 29 6 291 4
117 185 295 56 21 223 5 10778 116 13 81 21 101 4	117 185 295 56 21 223 5 10778 8 9 21 101 7 4
6 121 23 22 5 1312 280 18 323 43 4	6 43 58 1312 280 8 1113 10 137 323 4
17 18 431 69 8 192 1943 29 8124 94 5 352 4	192 641 20 5 352
12 206 89 19 1166 391 2403 30 5 551 5210 4	12 206 89 1166 391 2403 30 5 551 5210 4
45 316 450 55 68 7610 11982 9 7113 86 30 815 4	93 49 30 815
12 13 10 978 478 8 174 7 63 91 2627 4	58 2627 8 49 478
41 21 39 2734 7 1689 55 11 175 18 54 162 4	41 21 39 2734 7 1689 55 11 175 18 54 162 972 4
6 285 23 35 277 57 12 9952 220 141 4	6 54 35 277 57 12 9952 141 4
6 202 5 1504 26 51 325 22096 3879 750 4	6 202 5 1504 26 51 325 22096 3879 32 83 4
188 60 6 300 57 53 63 1118 47 111 10 8147 4	188 60 6 300 57 53 63 225 47 63 128 111 10 8147 4
6 48 19 1403 231 741 66 198 40	6 48 1403 12 87 7 13 741 66 72 198 4
6 22 10 103 17 1520 494 15 12 4	6 22 10 103 17 1520 494 15 12 8 9 7 13 49 4
117 6 129 5 552 24 16 677 445 182 16 3325 9 5537 4	6 106 11 129 5 552 24 16 677 445 182 16 3325 9 5537 4
21 39 148 11 95 2718 278 9 70 92 4	21 5651 3743 148 11 95 2718 278 9 70 92 4
6 508 3868 7 130 6 48 2611 10 4237 477 93 4	6 508 3868 7 130 6 48 2611 10 4237 477 93 8 9 7 26 49
82 5 459 54 964 13 72 2417 2306 4	82 5 459 964 13 34 671
41 21 31 2285 1855 68 669 6 4 1275 4	2285 1697 13 380
15 670 17 168 2667 398 8 614 1577 23 689 4	15 670 17 168 2667 398 8 614 1577 23 689 83 78
6 43 7 6615 977 46 10 850 1367 1686 4	6 26 348 11 855 7 479 4
12 1054 402 713 24 50 15 5 259 4	5 1054 402 49 46 42 214
6 104 91 1131 8 9 314 20 12 29 4	6 104 30 78 1131 30 21 39 8 9 381 12 26 5 157
6 930 12 48 35 10 49 1632 11 38 644 5 1012 383 4	6 26 197 12 48 35 72 680 1632 11 38 644 5 1012 383
6 67 12 14 16 28 412 160 57 6442 14 576 4	6 16668 266 6 67 12 14 16 28 412 160 57 6442 14 576
74 143 12 32 196 506 124 22 380 352 11 309 20 4	74 143 12 32 196 506 124 22 380 352 11 309 20 8 9 185 496 7 4
866 4818 20 5 442 321 747 9 68 2761 4	7 48 374 11 4818 20 5 442 321 747 9 68 2761
6 4335 55 20 835 72 359 2724 24 16 569 4	6 4335 55 20 175 36 72 359 2724 24 16 569
6 129 7 433 11 1829 16 476 4	6 496 720 7 433 11 1829 16 476 4
7 1208 23 396 231 14 384 427 1745 221 4	7 63 396 276 14 384 427 1745 221 4
33 849 21 28 87 318 29 1116 64 112 287 4	33 849 21 28 87 318 29 1116 64 112 120 4
6 578 6 366 22 2603 175 41 5 163 110 32 51 4	6 578 6 1385 18 5 163 110 32 51 4
6 22 11 1043 5 928 147 3373 4	6 22 11 4179 5 928 147 3373 4
6 22 143 743 217 2684 57 799 9 33 624 10 161 4	6 22 143 250 331 2684 57 799 9 33 624 10 144 69 4
6 26 721 30 5 259 580 11 35 17 51 630 4	6 26 721 30 5 259 580 11 35 17 377 630 4
6 26 186 968 11 12 102 14 10 304 15 40	6 26 13046 681 20 12 102 4
45 531 267 127 85 221 33 31 5545 4	45 31 5 159 134 9 33 2210 50 85 62 44
6 135 6 54 372 9 394 20 4842 2067 4	6 135 6 54 194 45 9 8431 5 4842 2067 4
36 21668 203 8589 15 4626 8 7 63 83 151 3960 11 2340 4	36 21668 203 8589 15 4626 8 7 89 3743 22 95 3960 11 2340 4
41 21 22 523 3597 1410 117 118 42 783 38 45 5357 4	41 21 22 523 3597 1410 117 21 54 35 2006 1620 1804 41 21 38 45 5357 44
185 3853 7 119 11 61 9 1242 55 257 13920 269 4	185 4852 12 114 257 13920 269 4
101 42 779 8 25 12 260 32565 36 2505 46 42 4	101 42 779 8 30 12 792 400 36 2505 4
7 9887 126 83 209 9 126 83 2040 4	7 9887 34 90 9 495 673 4
10 100 46 96 8 62 20 318 12201 191 4	10 100 46 96 8 62 2091 20 318 12201 191 4
6 43 11 59 91 57 5 65 278 4	6 26 348 11 59 91 57 5 65 278 78 586
21 39 298 531 53 114 20 68 337 9 115 35 806 4	21 39 298 253 531 53 114 20 68 337 9 115 35 806 4
5 1777 32566 697 9 1680 425 24 123 4898 4	5 1777 128 697 9 626 209 24 123 4898 4
168 11734 77 13 10 6418 4508 4715 15 40 11 28 797 4	168 11734 77 13 58 4508 46 42 4
77 26 239 46 42 11 3302 18 2050 3059 12 206 4	276 64 5 60 4196 18 2050 3059 12 206 4
16 100 2322 245 12 14 257 1526 8 32 74 101 7 4	16 100 2322 245 12 14 257 1526 8 32 74 101 7 8 9 185 496 7 4
12 4381 13 2236 57 10 4882 293 4	123 49 1785
6 70 19 36 12 882 87 15 1413 15 596 4	6 70 19 36 34 78 12 882 87 15 1648 1413 15 596
83 127 9 19 5 108 6 405 4	5 153 134 9 19 5 199 108 6 405 4
7 37 8698 7 182 341 5 152 12294 139 5 438 4	7 37 2941 1643 7 182 341 5 152 12294 139 5 438 4
6 143 12 618 24 2561 163 57 323 4	6 143 12 618 24 2561 163 57 323 8 9 7 26 49 4
6 390 275 77 31 91 238 18 12 60 124 374 4	6 16668 197 77 31 91 238 12 60 124 374 4
20 2876 692 17 10564 15 954 437 24 10 1017 9 692 1217 4	49 692 212 20 5 437
7 121 23 22 5 407 10 158 2198 15 221 4	7 17 58 126 630 47 1326 43 5 407 10 158 2198 15 221 4
6 22 111 113 7 643 10 181 193 6 291 7 4	6 22 111 113 7 42 181 193 6 291 7 4
6 129 17 10 7767 25 1177 285 23 25704 7 4	6 129 17 10 7767 9 1177 54 25704 7 4
690 8 5 853 31 32 2886 18 7 821 61 10 2873 4	690 8 5 853 31 10 100 2886 8 7 253 319 61 10 2873
98 6 22 10 102 18 6 71 23 220 165 11 309 4	98 6 22 10 102 18 6 106 18 6 39 309 2055
1883 1994 130 11 308 10 34 51 2806 4	1883 1994 130 11 308 72 495 51 2806
835 8 12 60 13 10 6979 24 4877 4	19 10 6979
12 13 1153 5 75 88 6 84 2172 240 17 5 1172 4	12 13 1153 5 75 88 6 13928 628 14 32 144 4
6 84 43 151 10169 9 12 29 312 35 5 157 4	6 13928 43 151 10169 9 12 13 5 157 4
123 51 18 123 103 17 7863 491 66 901 4	7 8483 83 199 18 7 8483 103 17 7863 491 66 901 4
12 297 13 58 1188 14 5 138 6996 4	12 297 13 19 10 159 1188 14 5 138 6996
6 1494 5 455 9 33 295 18 5 2780 43 111 651 4	6 1494 5 455 9 33 295 18 5 2780 48 2421 685 4
7 27 5 2834 1775 18 2676 2620 19294 139 5 909 4	7 13 5 380 1775 18 194 2620 19294 2802 4
51 14 29 181 75 4 9 6712 808 12 60 24 2577 4	51 14 151 287 4
96 15 42 8 2351 1577 23 531 8 7 176 13264 4	96 15 42 8 5 2351 14984 4
82 7 355 34 265 161 1020 17 8 116 7712 61 50 4	7 419 10 738 1821 85 52 1020
514 60 25 57 81 6 84 927 7 89 5 258 4	6 628 5 60 87 7 93 56 4
1650 5 131 26 661 250 32567 66 5 407 2194 7 48 35 4	1650 5 131 26 34 2091 8 37 30 5 407 2194 7 48 35 4
7 13 690 117 58 7869 87 7 355 3973 1140 4	7 13 690 117 58 7869 87 7 355 10 100 1140
2735 47 3670 4 136 28 200 1970 15 2719 230 4	2735 47 3670 496 367 5 28 200 1970 15 2069 2719 230 4
174 8 316 89 19 86 36 10 138 150 4	174 8 316 93 274 36 10 138 150 4
81 10 6979 44 1548 57 16 1246 8 70 19 105 4	12 26 363 10 51 466 8 105 7 4
9 115 5 2270 26 495 523 47 37 1163 691 4	5 2270 26 24 533 9 49
6 82 136 10 586 288 15 1360 24 507 7011 2512 4	6 136 10 586 25 78 690 288 24 507 7011 2512 66 45 4
79 888 17 12 247 15 10 875 31 368 4	79 888 17 12 247 15 10 875 31 3743 368 4
568 8 33 31 271 8 9 31 19 548 46 42 4	568 8 33 31 271 8 9 19 34 548
185 124 22 7957 257 1985 88 5385 4	88 26 159
77 31 2053 18 107 322 3201 20 5 4893 3678 17 7 4	77 31 2053 18 107 730 322 3201 20 5 4893 3678 17 7
6 84 1566 18 2053 107 5543 1666 15 108 4	6 13928 1566 18 2053 107 2120 1666 15 108 4
202 8 2661 283 19 191 175 200 312 86 4	202 8 2661 283 19 191 175 4141 312 86
1099 301 23 10 17428 9 45 31 19 6990 152 4	12 1099 13 2318 454 4
5 370 132 13 16476 12942 14909 4894 18457 4	5 157 132 13 16476 12942 14909 4894 18457 4
12 37 125 23 22 156 358 11 5881 16 4107 9 1404 4	12 63 10 158 15 358 11 5881 16 4107 9 1404 4
20 10 304 15 914 21 124 107 175 10 158 92 816 4	7 48 204 10 158 62 167 11 107 175 92 816
6 43 78 92 946 20 5 79 303 1910 1014 4	6 43 78 92 946 20 12 66 5 79 303 1910 1014
7 27 36 6 101 72 2472 510 9 3111 4280 24 227 1213 4	101 72 2472 18 93
5 434 13 83 271 74 85 43 7 24 10 507 2135 4	5 434 13 661 83 271 74 85 43 7 24 10 507 2135
54 484 17 114 69 221 8 7 27 507 4	12698 3743 484 17 114 69 221 8 7 27 507 4
7 13 32 127 4 59 10 10382 843 4 1493 12 29 118 4	7 13 32 208 9 6 5592 21 11 59 7 4
18 13 19 11 189 18 45 1533 31 199 118 95 783 4	5 1533 31 601 8 105 53 118 42 783 44
5 652 11 4009 5 2081 225 400 29 69 145 1236 4	5 652 11 4009 5 2081 225 171 1236
6 97 197 7 3295 24 68 1780 9 813 513 4	6 99 32584 4497 878 7 3295 24 68 1780 9 813 513 4
5 7595 1734 24 12 1263 40 13 187 404 4	5 7595 1734 24 12 1263 40 13 92 66 404 4
1552 41 10 352 155 564 8 6 71 23 766 32 78 4	1552 6 36 7 41 10 352 155 564 4
77 26 253 239 6 499 64 12 60 4	77 26 137 840 6 499 64 12 60
6 80 5 60 14 676 287 960 145 740 50 4	6 80 5 60 14 676 287 960 4
32 6 390 7 27 73 10 689 15 3117 4	32 6 16668 197 7 27 73 10 689 15 3117
96 15 42 8 12 54 9757 942 993 21 22 20 2599 4	12 12698 3743 9757 95 993 21 22 20 2599 4
9 7 13 34 1037 18 45 31 51 1079 4	9 7 13 34 1037 18 45 31 73 51 1079 4
5 344 321 13 5241 76 75 10 412 15 3420 5 88 4	5 344 321 13 6323 123 630 85 216 76 3420 5 88 4
25 7 121 23 70 231 14 16 569 4	25 7 73 1807 16 569 4
6 101 12 14 16 28 412 160 506 14 576 4	6 496 256 12 14 16 28 412 160 506 14 576 4
33 5608 17 7 64 237 10 354 8 41 18 4	33 5608 17 7 52 281 4
6 75 223 24 290 87 33 110 1320 586 4	6 496 907 24 290 87 33 110 1320 586 4
1751 5 1343 446 11 68 65 9 694 68 15070 1336 4	1751 5 1343 446 11 68 65 9 694 68 757 15070 1336
11 32568 1871 8 12 102 26 10 213 380 4	5 6541 102 26 500 380
6 189 12 30 10 1377 20 743 427 5653 83 4	6 189 12 30 10 1377 224 13 2137 11 22 427 5653 83 4
367 11 1005 11 10 200 190 2647 924 7 119 94 4	367 11 1005 11 10 200 190 312 425 7 119 94
7 19 4568 47 4141 9 7 27 817 4	7 13 495 4568 9 4141 8 128 355 85 661 817 4
6 885 170 14 5 40 9 453 7 26 19 226 5 475 4	6 885 170 14 5 40 9 453 7 26 226 5 475 4
1406 681 28 4202 2955 17 46 340 10 28 956 1777 4	6 36 5 4202 2955
6 39 38 10 2972 5036 24 7 4	6 70 3743 140 11 38 5036 20 12 60 4
1530 24 81 750 63 111 10 1379 455 20 228 79 22098 252 4	45 133 32 56 20 81 63 111 10 1379 455 20 228 79 22098 252 4
16 476 295 7 26 2082 32 6 43 11 372 7 4	16 476 295 7 26 2082 32 6 2424 11 372 7 4
14768 13 34 177 11 38 445 20 72 1455 3566 4	14768 13 34 90 11 38 445 20 72 1455 3566
766 21 5 1194 7997 263 13 19 36 18 46 42 4	766 21 5 1194 7997 263 13 49 4
14 5 109 2488 8 123 239 11 2561 64 4	14 5 109 2488 8 7 8483 175 11 2561 64 4
6 892 185 578 502 185 32569 195 17 10 3400 441 4	6 892 185 104 3743 653 502 185 104 3743 484 195 17 10 3400 441 4
6 43 11 105 29 50 24 5 1619 4	6 26 566 11 105 29 50 24 5 1619 4
12 1083 1290 13 491 2602 17 5 449 2927 4	12 1083 1290 792 601 4
6 97 1412 15 1310 103 8 286 1126 2297 4	6 97 1412 15 19 159 8 1980 331 2297
6 285 23 234 12 11 5 138 1429 6 97 256 4	6 48 234 12 11 5 138 1429 6 16668 256 4
6 67 12 886 14 2508 9 2622 1034 8 9 2622 723 4	6 124 3743 1697 723 47 1034 17 12 886 4
819 18 6 101 328 57 72 154 278 794 127 1879 4	819 18 6 101 328 57 10 49 154 278 794 127 1879 4
6 2392 578 36 6 1023 240 16 167 24 12 29 4	167 56 885
275 7 37 461 608 17 9 91 201 1793 4	7 54 35 49 76 5 1793
76 585 287 15 18 8 6 319 55 9 10821 7 4	76 585 287 15 18 8 6 319 55 9 628 7 4
17 28 7778 212 50 20 12 4626 102 4	33 104 3743 262 50 20 12 4626 102 4
6 121 23 22 156 15 53 11 372 4	6 26 348 11 8541 16 372 20 58 280
6 39 19 142 12 60 14 351 367 11 1032 10 7855 6430 4	6 422 142 12 60 14 351 367 11 1032 10 7855 6430 4
14 61 12 26 10 168 1237 60 4	14 61 12 26 10 168 601 60 4
12 13 37 10 100 83 420 108 4	12 13 37 34 286 108 4
5 361 13 5 157 321 15 5 347 17926 4	276 13 49 64 5 347 17926
12 13 642 11 5 431 2819 586 11626 33 129 17 53 4	12 13 642 11 5 144 2282 286 108 11626 33 129 17 53
942 5 88 8 6 373 23 35 62 3175 20 12 248 4	942 5 88 8 6 373 23 35 62 266 20 12 248 4
45 107 49 100 612 1474 14 5 532 4	45 107 377 9 757 100 612 1474 14 5 532 4
6 84 19 43 12 1182 20 16 12229 4	6 84 43 12 1182 20 16 12229 4
96 8 77 13 239 64 12 11 73 1431 338 64 4	96 8 12 60 13 73 29 11 1431 338 64
5 206 26 4362 200 108 66 1826 4	5 206 26 4362 92 108 117 1826 4
170 13 83 78 11 443 14 10 170 385 4	170 13 49 11 443 14 10 170 385 4
1457 21 285 23 22 11 148 219 12 6472 4	1457 21 54 59 11 694 12 4
6 1385 20 5 323 18 12 26 1262 11 450 4	6 70 3743 1385 20 323 9 202 7 26 90 11 450 4
6 366 180 10 126 11 372 53 4	6 54 180 10 126 11 372 53 4
89 2471 620 25 89 19 232 122 11 5 535 4	89 2471 620 9 89 232 122 11 5 535 4
6 71 23 179 81 323 22 499 64 12 4	6 179 400 81 323 22 499 64 12 4
6 22 58 478 283 12 13 10 15857 645 4	6 39 179 283 123 10 645
7 155 72 817 255 52 7 13 24 4	49 4020
61 83 13 10 122 288 9 107 34 403 887 4	61 83 13 10 757 288 9 107 34 403 887 4
20 12 6 189 6 86 905 616 11 5 1450 4 27 4	20 12 6 189 6 106 335 11 234 616 11 5 1450 4 27 4
96 241 96 8 107 197 21 31 907 5 153 330 4	96 241 96 8 107 197 21 54 106 5 330 4
12 102 1509 239 2423 9 5 614 31 19 226 5854 64 4	12 102 58983 2423 9 5 614 31 226 5854 64 4
147 1904 60 18 508 7541 196 167 4	5 1904 60 13 49 20 167
34 56 655 9 90 11 1007 50 4	2904 655 9 34 90 11 1007 50
12 102 821 21 58 15025 11 194 635 4	12 102 821 21 15025 11 194 635 4
6 202 12 26 5 177 166 190 311 9 7 301 23 4	6 202 12 26 5 177 166 190 311 9 7 26 4
48 1058 113 29 15 5 352 25705 154 2559 4	6 106 5 352 25705 18 154 2559 4
462 8 7 27 19 34 1925 8 85 14 704 4	7 27 34 1925 8 445 14 704 44
6 84 80 7 237 9 6 285 23 35 113 7 141 4	6 22 80 12 237 9 6 54 35 113 7 141 4
5 1079 362 491 1091 9 86 56 8 803 29 172 4	5 1079 362 491 1091 9 86 34 56 8 803 29 127 172
12 510 580 36 10 466 9 101 51 163 4	12 510 26 10 466 9 101 6240 163 44
18 89 19 254 776 14 12 60 4	18 89 254 776 14 12 60 4
6 43 286 1443 14 12 60 193 6 11029 209 4	6 43 286 1443 14 12 60 193 6 11029 209 8 9 7 8483 49 4
12 13 794 10732 44 6 405 2525 20 4953 46 340 4	123 10 49 466 171 5 4953
5 397 15 5 88 18 3223 5 65 13 19 673 46 42 4	5 397 15 5 88 18 3223 5 65 13 495 673 9 523 4
7 2902 1338 418 8 25 58 92 66 5 160 3969 3450 4	7 2902 1338 49 8 78 92 66 160 3969 39 3450 44
6 243 491 35 10 100 250 1247 9 10 100 62 266 4	6 99 62 1247 9 266 4
191 8630 11 10 112 222 160 283 257 12512 537 1236 4	191 8630 11 10 112 222 160 130 257 12512 13 32 138 186
5 532 202 7 26 49 8 25 7 101 160 187 590 4	7 26 380 9 49 14 42
12 104 19 788 1681 9 16 2711 245 11 611 7 4	7 588 1681
12664 89 10 34 51 258 20 184 1588 5105 2583 4	12664 89 10 34 757 258 20 184 1588 5105 2583 4
237 5 263 13 1124 8 5 65 1481 335 8 141 4	65 235 93 85 171 263
9 4416 58 2065 24 95 15 45 1338 18 6 39 6780 4	9 6 104 3743 180 95 2065 24 95 15 45 1338 18 6 39 6780
36 33 2788 7 433 9 1115 7 50 7 580 4	36 33 2788 7 433 595 9 1115 7 50 307 7 580 4
6 104 19 248 16 169 57 12 2152 4	6 235 248 16 975 57 12 2152 4
33 31 9903 8 11553 8 9 74 106 5 389 435 4	33 31 9903 8 9 74 106 53 4
7 155 10 21605 50 15 10 51 28 40	7 155 7 362 10495 50 15 10 51 28 40
7 124 35 18 6 702 17 72 2124 20 10715 9 4814 182 4	49 58 689 292 123 46
6 1741 16 287 15 4703 1160 145 3509 2334 459 4	6 70 3743 1741 5 287 15 4703 1160 193 3509 2334 459 4
227 2720 16 322 2106 9 936 6549 4	227 2720 16 322 2106 9 253 936 6549
70 19 105 4 6 121 23 470 78 87 15 5 475 4	105 7 4 7 93 56 9 13 2045 4
6 104 19 105 57 10 40 1514 701 4	6 143 57 10 40 1514 701 4
161 5 2363 13 523 8 7 13 19 391 4	12 2363 13 19 75 523 8 9 26 456 391
6 223 112 15 53 9 227 410 489 10 354 4	6 223 112 15 53 9 227 410 489 10 112 287 4
82 8 7 2920 62 1622 66 5 29 6 97 80 11 4	7 2920 250 1658 1622 66 5 29 6 97 80 11 4
453 7 13 4462 11 194 5 573 9 5 246 149 4	453 7 13 32 4462 11 194 5 573 9 5 246 149 4
7 27 12 299 321 18 73 21690 61 50 4	7 8483 12 299 321 18 8483 73 560 4
87 45 421 54 2904 1917 24 5 5430 27 847 4	87 45 421 54 35 226 10 5303 24 5 5430 8483 847
319 7 11 542 5370 266 24 257 1526 4	319 7 11 542 9 185 26 266 24 257 1526 4
37 696 5 369 914 9 105 72 4469 29 57 678 4	70 3743 696 5 369 914 9 11 105 72 4469 29 57 678 4
550 4635 325 586 5171 3239 41 21 366 4	550 601 325 586 66 3239 4
7 289 303 120 303 9312 9 114 6391 3400 1095 885 145 1928 4	7 289 557 303 120 9 6391 3400 1095 8 25 74 110 266 11 409 10774 4
16 96 11602 15 12 313 26 82 126 83 144 4	16 96 11602 15 12 313 26 82 10 100 83 144
42 5 3070 1145 24 5 146 1546 4	42 5 3070 1145 1388 24 5 146 1546
1208 23 43 11 35 9298 339 642 11 974 490 4	7 54 128 22 11 35 9298 642 11 974 490 4
6 628 7 221 6 70 19 38 7 4	6 628 7 221 30 6 38 7 984
5 1504 26 49 9 7 225 34 56 52 7 225 4	5 1504 26 3937 9 225 34 56 453 4
5 104 19 10 24750 152 46 42 4	33 104 81 405 20 5 152
6 3272 5 6087 24 5 848 9 5 4445 865 4	6 496 3288 5 6087 24 5 848 9 5 4445 865 4
6 26 19 46 42 521 20 5 1073 15 12 2459 4	6 26 521 20 5 1073 15 12 2459 4
6 22 58 2762 15 16 300 11 6633 177 5028 4	77 8483 58 140 15 2762 15 16 300 11 6633 177 5028
9 6 245 53 42 11 35 90 11 1396 4	9 6 26 566 33 110 90 11 1396 8 87 6 245 53 11 35 4
12 13 10 51 12902 9 56 103 4	12 13 10 51 12902 9 34 56 103 4
7 27 34 414 8 9 7 89 463 620 4	49 282 9 159 620
217 8 420 108 25706 2721 20 85 586 1054 3363 4	9511 8 19 286 108 25706 2721 20 9309 1054 3363
96 15 42 6 97 19 91 14852 2620 4	96 15 42 6 106 12 4
6 349 113 20450 7610 824 10 137 120 293 4	49 824 6 80 162 354
96 8 9 3936 26 18 33 22 7876 3024 3538 4	96 8 9 19 3936 26 18 33 22 7876 3024 3538 4
174 8 6 232 6322 6436 13 168 316 19 72 1384 453 4	174 8 6 232 6322 6436 13 168 316 72 1384 453 4
941 5 17710 9 1545 32570 15 199 2976 4	191 12 50 9 694 5 51 2976 4
25 12 350 54 653 502 76 75 10 137 5159 4	7 13 548
455 54 2566 221 25 7 7541 68 69 597 12 4	455 54 2566 17 10 2982 3094 4
624 14 112 398 8 644 116 6 26 5 3024 7848 4	7 624 14 151 120 8 6 268 5 7848 4
34 177 166 9 19 18 380 11 309 20 46 42 4	34 548 166 9 380 11 309 20 4
511 816 91 69 9 167 9 2003 12 60 4	511 816 91 69 9 167 9 135 643 64 12 60
10 973 18 408 10 304 15 296 4	10 973 18 408 10 590 1129 4
6 106 12772 9 95 10050 47 2701 8106 692 2385 4	6 106 12772 9 95 10050 47 2701 8106 692 2385 8 9 45 31 49 4
1300 175 6 48 234 30 10 2688 1526 417 4	175 6 48 234 30 10 2688 1526 417 4
5 172 20 5 4585 326 6 84 215 13 5 6298 2147 4	5 6298 2147 13 49 20 12 4585 29
67 12 14 38 11 254 16 864 1890 4	67 12 14 38 11 254 16 864 5 157 60 4
18 13 153 55 341 29 181 5 2757 705 588 335 4	235 49 46 42 214
16 506 80 12 14 1993 14 64 28 216 341 5 1582 343 4	16 506 63 111 113 12 14 1993 14 28 216 9 7 115 183 288 138
6 22 28 2719 5399 1671 57 5903 17 16 629 9 119 2579 4	5 49 2700 31 12691 17 5 629 2579
885 62 69 6267 20 12 66 6 104 186 46 5 1619 4	104 3743 22 11 696 10 158 15 69 885 62 69 6267 20 12 32 6 26 459 11 2270 24 5 1619 4
71 23 388 68 69 47 167 24 45 2156 4	204 91 69 9 696 5 167 24 45 2156 4
6 96 80 7 24 16 498 9 1158 4	6 80 7 96 9 496 7 24 16 498 9 1158 4
6 82 22 11 254 5 1806 510 11 194 7 57 12786 182 4	6 714 11 254 5 1806 510 11 194 7 57 12786 10 100 182
19 5 6534 25 92 66 16 79 265 438 622 4	872 5 6534 9 93 92 66 16 79 265 438 622 4
6 1023 7 50 87 6 39 23 204 2843 4	6 496 7 445 193 6 106 2843 4
76 18 21 22 11 443 10 6093 4	76 18 21 70 3743 85 22 11 443 10 6093 4
77 27 58 126 12 54 162 30 144 30 3559 4	7 8483 177 11 492 12 54 162 30 144 30 3559
6 54 115 1344 11 38 7521 252 8 37 19 12 29 4	6 54 1344 113 7521 252 8 25 275 19 12 29 4
872 29 15 5 62 6675 2526 17 5 557 4	872 29 15 5 62 2398 9 6675 2526 17 5 557
37 7527 5 832 4070 6897 9 17894 2329 398 4	58 140 11 7527 5 832 4070 6897 9 17894 2329 398 4
42 15 53 31 7408 1172 8 19 85 632 6328 4	42 15 53 31 14470 8 103 15 632 6328 4
6 243 1058 351 186 11 248 1625 252 173 139 2645 360 4	6 32586 1058 351 186 11 248 1625 252 173 139 2645 360 11 179 130 51 1625 13 17 1934 4
51 132 769 14 28 2444 3705 31 217 4	49 109 24 769
6 312 372 7 8 25 6 140 10 39 958 4	6 12698 3743 372 7 4
360 6 48 142 7538 2344 3422 9 21 54 35 201 4	360 6 48 142 7538 2344 3422 9 21 54 35 49 4
718 13 495 7435 9 89 550 239 14 68 813 4	718 13 19 7435 9 89 49 241 14 68 813 4
6 243 491 3731 10 1281 182 16 1404 30 10 17393 4	6 243 491 3731 10 122 1281 182 16 1404 30 10 17393 4
5 25707 24 16 322 1599 583 11 1106 4	77 26 58 5 25707 24 16 322 8 1718 3207 459 2250 4
5 88 133 806 25 19 1074 46 42 4	5 88 133 56 9 26 34 1074 4
30 6 59 894 8 16 1497 9946 519 195 4	30 6 59 894 8 16 1497 9946 5648 2706
33 48 1570 94 47 59 3112 55 642 11 1035 1949 2636 4	5 2636 225 49
29 132 13 5 3181 553 246 10 4 6 4	29 132 13 5 757 246 10 4 6
6 405 72 1384 17 1098 1734 57 16 786 446 2630 14119 513 4	6 582 72 1384 17 1098 1734 57 16 786 446 2630 14119 513 4
16 96 3447 11 351 577 163 24 12 60 13 11 194 186 4	16 96 3447 11 351 577 163 24 12 60 13 11 879 56 123 840
14 91 452 7 225 50 2299 14 61 4	14 91 452 7 225 50 19 274 14 61
154 89 19 1166 156 1727 64 12 444 4	154 1133 5198 1727 64 12 444 4
3180 13 37 30 199 8 221 2896 19 690 4	3180 13 85 92 4
6 26 2694 76 5 96 28 296 4	6 26 266 76 5 96 28 296 4
6 496 5 230 14 16 605 30 21 39 284 1529 4	6 73 499 5 230 4
5676 60 840 9 19369 313 5803 4464 30 5 8410 15 4093 4	5 840 110 42 49
7 121 23 86 14 61 1457 79 238 54 22 92 946 4	7 225 14 61 1457 79 238 54 22 5 146 946 4
449 203 7 63 91 10539 3600 8 9 453 19 199 4	449 203 7 63 91 10539 3600 8 9 453 4481 4
328 13 10 332 15 812 8 30 205 30 6 99 1553 4	328 13 10 332 15 8016 8 30 205 30 6 99 1553 4
48 22 111 1320 2001 41 7 508 6815 17 20 5 1224 6513 4	43 5 1224 6513
7 13 157 11 3008 17 10 51 169 15 2455 1963 4	7 13 1476 11 3008 17 10 51 169 15 2455 1963
6 99 75 905 12 206 28 345 87 15 5 7719 109 4	6 99 905 12 206 676 345 87 15 5 757 109 4
12 89 19 1635 11 5279 62 14328 66 5 271 89 118 471 4	12 1055 11 5279 62 14328 66 5 271 89 118 471 4
7 253 133 8 25 19 156 11 1078 456 433 9 133 4	7 133 32 56 433 4
77 13 58 3120 3246 14 180 459 2504 4	90 11 180 459 2504
6 54 235 22 1648 758 8 58 689 81 4	6 99 10684 15 42 758 4
5 596 18 7 13 103 15 13 36 10 1174 2028 4	5 596 18 7 13 103 15 21076 1174 4
7 93 14 275 10 137 296 9 2586 94 307 4	7 93 171 965 94 4
5 871 110 90 11 1229 25 5 108 15 5 9324 26 4012 4	871 110 90 11 1229 9 5 9324 26 49 4
388 15 167 8 388 15 69 8 388 15 2324 4	49 38 15 167 8 49 38 15 69 8 49 38 15 1210
12 88 13 205 57 81 6 405 4	12 88 13 19 400 81 6 405
83 829 9 77 31 92 252 50 77 17 688 1316 4	7 13 10 51 134 9 77 31 58 92 252 50 77 17 688 1316 4
89 19 234 61 95 4013 17 277 95 15 5 5026 532 980 4	821 61 4013 17 277 95 15 5 5026 532 980 4
6 48 1058 10 62 10055 449 20 6206 152 4	6 1058 10 62 10055 449 20 6206 152 4
160 3129 558 42 241 18 22 11 70 20 1031 4	196 3129 550 558 42 241 18 22 11 70 20 1031 4
275 10 40 160 2322 124 430 7 4	95 2322 124 430 7
32 866 788 277 12 9 275 33 54 1043 5 109 4	32 866 788 277 12 32 1457 33 54 1043 5 109 10 100
9217 381 11 932 7 11 702 10 428 28 383 2399 66 18 4	9217 5139 381 11 932 7 11 702 10 428 28 383 2399 66 18 4
7 27 19 3842 8 7 13 19 36 2751 4	7 8483 19 3842 46 42 8 7 13 62 2833 66 2751 4
40 63 78 92 614 8 92 255 8 661 92 575 4	12 63 78 92 614 8 92 255 8 661 92 575 4
82 5 600 70 19 232 403 24 68 584 4	82 5 600 232 403 24 68 584 4
21225 80 11 35 5 157 132 182 4	21225 13 5 157
7 73 13 36 33 121 23 204 231 46 42 4	7 13 36 33 289 276 4
6 136 276 431 15 1236 5 132 450 4	7 93 49
79 163 580 62 878 8 25 6 37 319 328 240 4	79 163 580 62 1006 8 25 6 319 328 240 30 10 417 4
6 4686 42 28 190 800 17 5 971 2623 4	6 1528 42 28 190 800 4
89 12 220 1182 11 5 7015 178 1867 4	89 12 220 1182 11 5 7015 178 42 5 69 4
6 48 19 105 12 141 17 5 1109 4	6 48 316 105 12 141 17 5 1109
7432 155 5 157 5656 8 71 23 59 61 423 4	7432 155 5 157 5656 4
873 7 285 23 1312 8 25 32571 7 183 10 100 12260 4	183 49
32 6 37 202 275 7 207 374 194 16 1885 240 4	6 26 737 7 48 194 16 1885 240
123 32572 25 1683 19 5 157 132 11 189 64 600 4	1683 5 159 132 11 189 64 600
16 322 63 349 11 1102 5024 46 8686 4	16 322 13 32 6096 10 58986 69 4
32 76 112 216 15 38 8 335 17 7 4	7 93 46 42 214
6 71 23 164 283 7 63 42 5 51 163 4	13 59 42 5 51 163
77 110 79 1121 762 8 25 21 73 373 23 260 53 4	77 110 79 1121 762 8 9 7 26 10 20993 15 601 1598 4
5 108 15 1712 9 4419 13 3871 250 4	108 13 49
6 80 12 717 20 147 659 60 8 14 114 28 216 4	6 80 12 717 20 147 659 60 8 14 114 58982 216 9 115 106 7 4
6 71 23 135 5 1119 21 59 81 21 443 4	21 59 81 21 443 14
41 21 165 10 586 4663 466 20 2053 18 18451 17 18 3989 4	21 54 19 180 10 586 4663 466 20 2053 18 18451 17 18 3989 4
12040 7888 13 10483 118 10519 9 8069 4	12040 7888 13 3743 10483 118 10519 9 8069 4
21 724 59 32 78 3069 20 12 4	21 59 1132 15 3069 20 12 4
41 21 59 45 37 35 10 213 781 4	41 21 59 45 21 32585 106 53 4
7 3131 61 62 15 2774 11249 66 15 10 5036 4	7 3131 61 62 15 10 897 108 60 66 15 10 5036
7 225 14 275 28 216 117 962 4	7 63 2651 11 86 14 61 14 228 216 4
12 13 19 46 42 405 57 10 11131 288 36 1084 4	12 13 81 6 405 57 10 11131 288 36 1084 4
16 13875 11 19 1131 12 288 62 4	6 104 19 85 140 11 1131 12 288 62
6 215 45 3155 34 177 11 129 24 4	6 215 45 3155 34 90 11 129 24 4
6 84 19 111 2299 768 20 12 259 4	6 84 111 73 768 20 12 259 4
6 54 463 72 679 41 6 220 1007 7 50 4	5 679 54 35 805 685
6 136 6869 53 17 257 230 9 17 257 1533 4	6 136 2756 53 11 257 17 257 230 9 17 257 1533 4
185 121 23 36 5 264 15 12 29 46 42 4	185 496 5 264 15 12 29 4
56 7 103 7 690 36 10 507 1393 915 4	56 7 103 7 92 36 10 507 1393 915 4
6 207 37 394 20 10 51 6743 9 2003 5 1285 4	6 32585 394 20 10 51 6743 9 563 7 20 1285 4
1266 4378 5 2545 13 3090 87 77 31 58 545 4	1266 4378 5 2545 13 3090 9 6683 87 77 31 58 545 4
6 202 6 26 114 746 237 7 26 514 4	6 202 6 101 10 1410 466 52 6 43 11 372 7 4
6 67 53 9 180 53 187 817 4	6 67 53 9 180 53 187 3336 4
76 42 5 49 163 6 202 6 243 234 12 10 191 4	76 42 5 49 163 6 202 6 48 106 11 234 12 10 191 4
473 12 60 104 19 70 78 14 61 4	2249 12 60 26 159 14 61 4
21 59 81 21 443 14 6 390 4	49 466 14 5 167
7 312 86 14 42 900 1397 8 116 63 250 2334 4	7 89 3743 86 14 58985 1397 8 85 20 250 2334 4
17 16 556 8 33 31 10 2145 2206 15 280 4	17 16 556 8 77 31 58 280 20 53 4
333 30 6 405 11 291 1903 18 48 162 10 144 69 4	266 30 6 405 11 291 1903 18 48 162 10 144 69 4
5 2208 1945 31 114 10 1152 144 76 268 1207 17 4	5 2208 1945 31 5 159 994 98
32 8 12 337 183 560 9 42 25 123 19 18 49 4	32 8 12 337 183 560 9 42 7 13 49 4
6 22 58 478 41 7 27 61 47 12 60 597 4	6 135 7 26 61 9 19 5 60 597 7 4
750 8 33 653 94 68 584 46 5 3338 4395 47 3903 4	750 8 33 419 24 68 584 58 689 5 4395 47 3903 4
37 4134 55 9 309 5 2803 3351 9 656 24 14 3371 5284 4	37 4134 55 9 309 5 3351 14 3371 5284 4
191 7 237 9 21 285 23 135 7 27 1571 4	93 49
7 26 593 11 35 10 1002 352 4	123 10 1002 352
4297 8 5 407 1116 14 28 47 28 296 2201 4	4297 8 5 3692 7708 14 10 144 69 4
51 18 33 31 57 1520 9 19 901 44 4	6 26 2006 33 110 57 5 557 9 19 901 44
32 205 6 99 19 46 42 266 4	32 205 6 99 34 266 4
6 143 53 9 52 33 410 33 110 3580 4	6 143 53 9 52 33 410 33 110 17 159 630 44
267 4604 9 33 107 21 346 32 151 4	267 2091 9 33 107 21 346 37 156 4
554 845 15 7 76 10 137 504 4	554 128 845 94 4
6 54 128 141 248 147 102 292 12 13 10 4993 4	6 54 248 12 513 15 102 141 4
73 8 7 42 89 173 122 7558 3065 4	183 49
123 34 659 11 18 513 15 710 4	123 34 659 11 18 49 513 15 710 4
312 22 111 122 8 25 37 314 114 16 5907 4	312 22 111 122 8 25 37 314 219 16 2107 5907 4
5 630 15 5 3867 155 42 5 487 4	5 2861 630 26 51
96 8 171 5 2472 33 31 34 431 4	2472 41 5 153 134
6 117 5982 5676 131 604 9 402 14 72 12398 8 831 4	6 117 5982 5676 131 604 9 402 14 10 1037 12398 8 831
33 22 10 877 2939 3846 18 63 62 15 10 5563 6328 232 4	33 22 10 877 2939 3846 18 63 62 15 10 5563 6328 232 18 13 49 4
25708 27 14792 13 560 83 292 192 21686 384 15952 4	25708 8483 14792 13 495 560 292 192 21686 384 15952 4
7 27 83 199 87 33 173 36 33 48 194 16 1045 825 4	33 173 36 33 48 194 16 1045 825 4
45 17351 31 17 152 19 2429 359 4	45 17351 31 2008 3793 17 152 8 19 2429 359 4
52 21 342 5 1137 7842 1183 24 21 39 59 10 1512 327 4	52 21 342 5 1137 7842 1183 24 21 39 59 10 34 7366 327 4
6 285 23 35 277 95 62 17 5 1109 4	6 312 19 140 11 35 277 95 62 17 5 1109
6 1813 5 282 18 26 607 11 61 8 4576 5214 5704 4	6 496 5 282 18 26 607 11 61 8 10 713 5704 4
18 27 19 81 7 578 36 20 5 389 1543 2613 4	18 8483 400 81 7 578 36 20 5 389 1543 2613 4
5 25709 25710 28 956 1444 5902 93 75 321 126 4	5 25709 25710 28 956 1444 5902 93 17 188 126 4
87 7 13 316 19 226 391 109 4	87 7 312 19 35 226 391 109
6 48 19 142 12 206 14 638 224 1731 4	6 48 142 12 206 14 638 224 1731 4
12 13 5 619 102 6 22 262 1088 17 10 144 69 4	12 13 5 157 102 6 22 262 1088 17 10 144 69 4
473 6 97 19 197 81 42 5 676 515 163 31 14 4	6 97 197 81 42 5 676 515 163 31 14 4
7 13 83 199 87 5 669 402 11 35 108 4	7 13 83 51 87 5 669 402 11 35 15 34 286 108 4
6 1451 12 60 699 14 10 137 336 699 4	6 1451 12 60 699 4
5 232 15 5 1777 13 122 9 6 36 5 302 6289 705 4	5 232 15 5 1777 13 73 122 9 6 106 5 302 6289 705 4
10 3947 40 14 130 33 3214 12 4	6 99 316 768 20 130 33 3214 12 4
99 34 333 18 6 115 39 23 430 16 887 44 4	99 34 266 18 6 115 39 430 16 887 44 4
7 121 23 133 17 16 7404 8 116 13 10 780 134 4	7 133 17 16 7404 8 116 13 10 780 134 4
74 1020 17 72 369 330 3428 182 5 472 4	74 1020 17 72 369 330 3428 182 5 472 8 7 225 274 4
12 88 183 122 25 18 27 64 7 4	12 88 183 757 9 77 8483 78 62 11 189 64 7 4
7 408 228 4399 219 91 1260 15 249 11 327 7 4	6 215 6 43 5 157 571 52 6 289 228 4399 219 598 91 1260 15 249 4
6 1494 8301 731 9 33 654 5 119 311 4	6 1494 8301 731 9 33 307 654 5 119 311
6 647 7 54 35 10 92 868 4	6 164 7 54 35 10 92 868 4
6 106 18 7 504 920 669 25 7 26 5418 24 16 317 4	7 504 920 669 9 26 32 1185 24 16 317 44
76 10 40 191 6 291 5 146 60 4	76 10 431 759 1977 291 5 146 60 4
168 252 31 14 8853 1599 118 375 2815 4	168 252 31 49 14 5977 8853 1599 118 375 2815
114 9 114 9 114 9 114 141 4	12 63 7796 49
12 60 26 19 17 4223 1130 52 1909 4	12 60 26 4223 56 52 7 26 1909 4
12 13 10 1905 206 18 155 58 1380 46 42 4	12 13 3743 10 1905 206 9 7 155 1380
225 157 24 773 138 8249 472 20 1781 15432 4	225 274 24 773 138 8249 472 20 1781 15432
312 86 14 323 8 121 23 86 14 61 4	312 86 14 323 8 121 23 86 274 14 61
19 11 1251 7 104 19 133 16 190 456 4	19 11 1251 7 133 16 190 274 4
6 202 18 42 15 5 8114 48 35 680 4	6 202 18 42 15 5 8114 48 35 680 9 6 26 153 4
7 26 42 1034 9 43 34 100 8125 449 4	7 26 37 5 153 539 15 1034 9 43 10 49 8125 449 4
666 7 50 15 5 259 6 215 5 308 11 35 1642 4	666 7 50 15 5 259 6 215 5 308 11 35 10 100 1642
6 143 12 2108 2691 30 10 376 14 72 773 2108 14544 4	7 26 10 49 376 14 5 2108
6 3036 7 4147 927 10 1705 64 7 4	6 3036 5 481 9 7 26 4835 675 4
6 26 737 14 10 213 92 66 12 57 154 4	6 26 737 14 661 92 66 12 57 154
12 88 13 719 174 5 13 5 75 51 132 64 7 4	12 88 13 719 9 77 31 79 51 241 64 7 4
6 84 262 11 5 4514 18 6 84 1545 16 167 4	6 13928 262 11 5 4514 18 7 26 10 49 105 4
6 48 19 3777 12 14 10 6001 8 5824 65 11 351 4	6 48 3777 12 14 10 6001 8 5824 65 11 351 4
5 51 441 18 6 8209 11 10516 5 2735 4120 11 535 4	5 51 441 18 6 8209 11 10516 5 2735 165 11 535 4
192 3411 12 352 8 25 39 59 5 1533 50 743 307 4	192 558 12 352 8 9 39 59 5 1533 50 743 307 4
36 130 151 214 21 569 5 25711 9 130 209 33 31 6181 4	36 130 151 214 21 569 5 25711 9 130 209 21 2846 4
6 223 28 9 180 12 11 35 10 19059 1246 4	6 223 303 9 180 12 11 35 10 49 478
41 21 31 1411 375 497 8 7 176 35 418 4	41 21 31 1411 375 497 8 7 93 274
5 771 132 251 17 5 1652 15 16 1222 27 279 4	5 771 132 2941 251 17 5 1652 15 16 1222 27 279 4
6 223 45 57 154 193 6 124 180 53 3018 17 16 664 4	6 215 53 17 16 664
32 81 7 270 195 11 13 18 1450 59 81 1450 591 14 4	32 81 7 270 195 11 13 18 1450 59 5 286 108 15 81 1450 591 14 4
5 7059 13 1245 62 36 10 6522 394 4	5 7059 13 49 1113 10 6522 394
6 390 7 2441 17 5 3358 2927 24 123 3419 4	34 13991 17 5 3419
17 12 88 8 7 27 10 208 1321 14 40	17 12 88 8 7 8483 10 592 1829 14 61
6 67 12 60 14 3459 16 28 12198 605 161 24 3296 4	6 67 12 601 60 14 3459 16 12198 605 161 24 3296 4
7 13 10 553 7828 52 7 270 11 1681 5765 9 6311 4	7 13 10 51 7828 52 7 270 11 1681 5765 9 6311 4
70 19 105 12 60 44 5 1906 31 2916 8 2916 3067 4	105 12 60 44 5 1906 31 19 3067 4
7 1556 134 2542 72 411 187 208 602 4	7 13 411 10 208 172 20 805 134
17748 3072 5 2924 2721 15 659 398 36 12401 47 85 10696 4	17748 63 5 2924 2721 15 659 398 36 12401 47 85 10696 4
33 110 592 8 339 5 146 134 17 5 1235 13 574 4	33 110 37 153 4
33 82 107 564 41 21 1182 11 535 29 917 5 79 4	5 49 564 896 20 33 535 318 79
7 225 49 14 5 96 304 15 383 117 7 37 588 456 4	7 63 111 335 49 17 5 69 6 22 43 7 4
696 5 369 914 9 59 5 24090 4038 3950 4	194 5 369 914 9 105 12 288 4
473 8 19 16 1086 1227 16 731 65 4	19 16 1086 1227 16 731 65
6 1494 5 701 9 26 660 10 947 4	49 701 1895 947
5 614 31 168 316 1807 114 5 832 494 4	5 614 31 271 120 62 1807 114 5 832 494 4
7 26 253 36 4690 1466 17 5 2054 602 4	7 26 239 36 4690 1466 17 5 2054 602 4
7 89 12 11 10 34 2500 2616 9 13 495 1072 11 430 4	7 89 12 11 10 34 2500 2616 13 495 403 11 430 4
77 366 35 72 4451 481 20 5 1097 15 5 352 4	77 13 58 4451 481 20 5 1097 15 5 352 4
5 108 13 9526 307 118 413 5717 4	5 108 13 377 3304 413 5717 4
5 902 449 11 262 219 13 2568 9 5 1648 4977 15 3178 4	5 902 449 11 262 219 13 2568 9 5 1648 4977 15 3178 116 13 1508 4
6 26 82 34 333 46 130 307 7 3773 5 474 4	6 26 82 661 333 46 130 382 7 3773 5 474
6 39 19 849 7 119 642 11 512 4437 4	6 26 348 11 849 7 119 642 11 5 90 512 4437 4
30 5 2029 7391 118 40 6 115 578 6427 4	30 5 2029 7391 118 6 578 62 8389 4
25712 8 5 131 235 826 17 18 344 8117 2440 4	25712 8 5 131 13 235 733 17 16 3101 4
6 39 23 849 7 119 141 87 6 71 23 22 7 4	6 39 23 849 7 119 87 6 71 23 22 7 836
