78 429 3797 83 975 527 14 34 57 1167 418 6 418 4	78 429 3797 83 975 527 14 34 1167 136 6 136 4
54 10 69 28 364 247 24 36 447 22 5 1077 4	54 10 37 133 247 24 36 447 22 5 1077
37 1307 289 1751 194 4	14 75 31 276 1751 194 49 50 4
76 203 76 437 48 53 6 3555 18 12 363 164 4	76 203 76 437 48 53 9 6 75 31 6935 49 50 4
7 302 31 594 187 4132 15 1395 10 4	15 1395 10 52 3647 4
57 264 6 253 14 184 5 582 4	57 264 6 471 14 47 5 582 4
14 10 31 148 9 40 14 10 31 25 21 422 4	14 10 31 181 9 40 14 10 25 21 4
69 185 36 7 115 28 360 23 833 1120 8	69 28 185 36 7 115 360 23 833 1120 8
158 357 9 7 1344 178 40 7 60 31 210 5 2445 4	16 158 357 9 7 1344 178 40 7 60 31 210 5 2445 4
40 14 332 658 79 8	40 14 332 213 31 1953 79 8
35 766 194 6 35 108 129 52 318 6 1470 20 4	5 20 11 221 6 2541
5 625 75 2899 2386 315 6 12 270 219 4	5 126 1692 2386 315 6 12 16 219
54 11 56 7 119 501 111 187 75 117 147 72 4	26 369 187 117 11
203 35 115 31 766 49 5 400 85 35 44 31 727 242 4	26 203 35 115 766 49 5 400 30 56 4772
5 1092 1482 236 11 577 6 56 66 11 1387 5 151 436 4	5 151 436 11 73 2668
54 384 27 295 9 40 61 361 10 52 329 4	224 384 27 533 40 61 361 10 52 186
5 396 11 25 545 6 5 17 11 92 502 4	5 396 11 605 545 6 5 17 11 92 136
2565 5802 121 5126 36 60 31 751 82 20 4	2565 5802 121 5126 271 751 82 20
5 489 44 161 335 13 5 493 5 343 11 1746 4	5 489 44 335 482 6 5 343 11 979
1588 245 857 11 31 5 43 121 183 1724 4	1588 245 857 11 605 545
23 1103 415 289 71 415 313 737 30 4621 226 4	5 1103 415 289 71 5 43 7 33 41 24 12 395
76 203 206 673 9 501 4 192	76 203 76 11 570 13 356
5 151 10 6538 359 6 504 474 13 602 4	9583 10 272 554 9 5 19 451 16
54 11 130 343 6 282 4	54 11 12 1131 509 22 1330 6 2344
118 7 2053 24 12 698 166 9 7 11 338 72 5 680 4	118 7 2053 26 4013 5 943
76 11 28 128 326 54 4	76 575 128 13 48 54
1364 769 5 1814 9 26 44 372 6 459 785 4	1809 5 1814 9 26 44 1537 6 485
5 2224 2398 10 56 944 84 844 4	5 2224 2398 753 182 48 84 844
5 531 11 475 926 4	5 531 11 55
861 9 35 108 67 261 6 51 28 278 13 15 120 4	35 108 261 6 35 227 352 107 127 53
5 800 110 38 27 148 4	5 800 110 27 16 4
361 10 28 199 111 21 4	361 10 199 6 21 4
37 7 369 18 5 865 13 48 3674 4	7 906 1682 1267 18 5 865 13 48 3674 4
7 57 460 12 442 159 90 103 6 3623 1215 23 197 4	7 460 12 442 159 90 103 9 6 14 918 11 31 12 351 22 197 4
7 11 31 127 13 477 193 60 12 299 2236 13 59 4	7 65 477 193 60 2236 398 18 59 24 5 878 4
50 76 75 11 167 59 5 503 214 6 2675 6 2932 117 4	26 44 25 4617 6 477 59 210 117
5 563 44 24 5 2937 24 5 313 11 2463 13 48 260 4	5 563 44 24 5 2937 6 5 313 11 1923
26 324 13 208 2697 22 59 211 7 177 1063 4	26 44 25 484 6 7920 59 429 1334 37 1063
35 91 898 364 1474 54 271 33 1050 155 5471 30 15 100 4	35 33 898 37 285 110 54 6 26 50 9584 5 100
45 154 24 61 3610 6 45 33 3500 82 20 8	258 55 82 20 9 26 1852 13 9585 2679 6 3314 103 30 14
26 52 358 13 139 47 61 82 20 6 1177 614 4	26 60 31 358 13 139 47 61 82 20 6 1177 614 4
7 5306 469 6 35 141 53 13 5 273 4	7 1915 469 6 391 35 141 53 13 5 273 4
23 206 199 192 1030 11 301 6 5 343 11 1734 4	23 206 199 192 1030 11 199 6 5 343 11 830 4
118 7 143 174 13 1822 95 673 15 2738 1086 13 59 4	118 7 143 174 13 1822 95 673 15 2738 1217 13 59 4
32 257 31 254 12 136 152 24 817 4	32 257 31 254 12 136 152 24 745 4
7 369 18 415 199 6 460 25 157 1360 4	7 369 18 415 199 6 460 655 22 1360 4
7 11 25 793 5 205 160 4	7 508 562 5 205 160 4
7 264 985 6 3307 9 97 89 4	7 264 380 6 748 9 51 244 89 4
7 57 264 15 230 774 6 11 25 3307 8	7 57 264 15 230 774 6 11 25 748 8
41 66 421 223 6 203 9 206 35 227 233 89 192 4	41 66 16 223 6 203 9 206 35 227 233 89 4 192
5 17 34 295 9 5 20 10 2384 5 112 7 33 1728 4	5 17 10 21 9 6 5 20 10 66 22 5 43 7 91 78 1728 4
15 11 23 143 495 24 359 18 12 741 1283 4	7 119 359 18 741 2494 9 6 15 66 11 23 143 495 8
220 87 2497 13 499 59 187 13 897 14 4	87 342 59 4411 187 13 897 14 4
60 28 77 13 15 1127 26 27 125 8	77 13 15 19 26 27 81 8
7 567 76 11 31 128 36 35 44 1267 5 104 4	76 11 128 36 35 44 1267 18 5 104 4
5 130 2585 2904 11 5 1191 563 4	66 22 560 2585 9586 11 5 1191 563
651 12 274 64 82 8	7070 12 274 64 82 8
163 162 36 9 17 38 10 114 427 4	163 162 36 9 17 38 10 114 16 4
7 11 74 6312 107 215 1056 40 87 1329 96 338 184 4	7 11 74 6312 107 215 1056 6 87 1329 96 342 59 50 107 14 4
37 250 7 119 28 52 293 4	37 250 7 119 52 293 4
23 1380 10 130 18 5 239 2062 4	23 1380 11 786 18 285 2062 4
2312 83 3918 651 23 196 13 3198 9 153 93 153 379 4	2312 83 1920 23 196 4
5 17 11 114 106 9 7 65 28 77 54 89 4	5 17 11 16 9 7 65 77 54 89 4
35 51 28 48 1113 15 120 89 4	7 51 48 1113 5 19 89 4
15 10 12 125 1077 4	15 10 12 16 1077 4
32 227 33 438 2230 160 5 143 850 4	32 227 48 2018 135 160 5 143 850 8
60 31 77 38 923 32 248 13 511 18 760 4	77 38 5 17 10 25 21 8
40 14 753 28 403 48 24 1939 861 4	117 10 45 24 1939 38 4
357 281 12 25 154 654 4	5 357 11 258 12 42 512 4
15 19 10 12 148 19 13 535 8	15 19 10 12 16 19 13 535 8
681 121 18 1394 160 326 49 5 5402 238 320 680 4	160 5 5402 238 7 681 24 18 12 1394 6 259 14
23 515 11 114 790 6 115 743 276 5 704 732 4	23 515 41 5 181 710 22 1081 6 5 704 732 11 16
14 451 71 5610 96 123 471 420 5 1814 22 873 983 4	5 5610 96 123 11 156 57 5 166 7 529 14
88 107 5 64 7 1215 109	20 11 221 6 8374
54 27 136 128 362 6 136 756 50 214 3551 8	66 22 5 43 128 362 744
5 608 27 28 36 55 6 5 17 10 28 36 21 422 4	5 608 44 1553 6 17 11 25 73 335
5943 1767 65 630 121 28 92 1388 21 678 4	5 9587 1027 11 55 6 203 21 678 13 134 25 652
15 200 11 23 105 1086 100 4	258 12 16 1086 100
28 92 399 1542 226 4	5 1542 226 11 25 303
7 51 28 5465 15 467 58 12 5369 30 1233 64 13 1080 4	7 51 147 38 25 652 58 26 167 134 2858 64 13 1080
40 11 25 185 30 88 403 660 4	11 25 128 30 88 660 4
231 640 22 12 206 378 740 192 11 92 135 2503 4	231 640 22 12 206 378 740 192 11 92 135 1173 4
7 11 37 1676 7 115 28 166 18 5 824 22 5 222 4	7 11 37 380 7 115 28 166 18 5 824 22 5 222 4
5 622 27 295 9 169 255 4	5 622 27 16 9 52 317 255 4
209 14 11 12 1954 723 4	209 14 11 84 661 723 4
5 1028 75 31 92 1901 4	76 65 33 9588 40 76 11 24 12 2509
7 959 20 13 48 318 36 678 9 6 14 11 4	54 11 135 110 162 5 1065 37 14 11 12 157 4899 96
438 1390 30 231 139 4	87 75 12 16 168 6 3367 13
5 704 282 11 329 6 301 4	14 11 836 72 18 12 395 47 5 688 211 550 1576 14 54
5 2355 11 166 79 199 4	14 556 14 11 5349 96 12 3439 79 405
7 210 7 241 33 898 15 53 6 630 72 4	7 210 7 241 31 33 898 15 53 6 338 72 4
26 257 31 499 32 314 4	26 51 499 32 314 4
7 39 5 17 95 288 20 38 10 125 4	7 39 5 17 95 6 20 38 10 98 4
9504 699 288 10 28 37 62 4	9504 699 288 10 37 62 4
657 13 217 7 51 28 48 53 18 279 17 4	657 13 217 7 51 48 53 18 279 17 4
7 257 31 48 727 89 4	23 159 11 16 6 7 227 60 14 89
477 59 167 23 901 9 36 34 88 15 1909 10 18 4	23 901 10 16 18 15 19
76 75 28 1901 111 316 4	76 1602 9589
104 27 57 884 3189 4	126 44 136 220 3189
40 15 19 11 28 6222 37 5 4349 11 426 4	5 19 11 963 58 959
14 1079 6 289 71 1209 34 685 4	14 1079 6 289 131 4
271 779 9 14 906 33 86 4	14 11 2610 4
5 273 226 10 2264 49 43 4	5 273 226 11 815 4
5 1083 699 451 7766 4	5 1083 451 1314 4
35 91 324 5 491 763 58 73 4	35 179 5 491 763 79 4
7 91 97 41 12 418 70 162 15 8	15 19 11 31 106
56 9 7 119 28 49 12 817 949 4	15 11 12 16 949
85 7 115 167 438 190 7 1642 65 4	5 190 11 9445 434
130 225 7 119 52 985 9 6 52 1490 184 4	7 41 12 16 64 6 7 119 128
56 377 9 56 169 4	26 389 13 356
7 441 7 115 167 502 162 66 312 4	7 441 54 44 135 190 13 167
5 2128 11 475 926 807 4	345 5 2128 315 11 66 22 12 294
85 7 115 167 502 190 9 7 65 4	7 65 167 84 534 312 85 14 2234 59
76 115 28 6 65 28 1762 3513 4	76 1401 3513 16 37 36 35 3815
352 590 603 15 19 10 12 2092 4	7 65 28 352 590 13 244 38 89
7 119 28 66 22 5 1265 110 4	7 119 66 22 5 1265 110 4
14 34 45 385 6 5 100 10 25 412 4	14 34 28 45 385 9 6 5 100 10 25 102 4
92 85 7 11 3092 2599 9 7 115 31 5977 15 99 194 4	7 115 170 15 99 92 85 7 11 3092 2599 4
58 84 745 2961 9 7 33 86 127 13 5 9261 18 266 4	58 84 745 2961 9 7 39 127 13 5 9261 4
7 108 54 9 11 804 114 628 9 6 220 1481 23 965 4	35 44 804 221 58 553 58 35 108 54 9 220 35 9590 1481 2327 4
37 9 56 1681 6 56 4016 13 356 59 392 30 23 1656 4	37 9 560 5810 6 7048 13 356 59 392 30 23 1656 4
49 15 120 5 20 11 148 4	49 15 120 5 20 11 98 4
37 271 60 7 377 13 80 23 197 53 4	37 271 60 7 377 13 167 23 197 13 4
880 37 2150 36 14 11 5 2115 22 1996 1072 339 4	335 37 73 36 14 65 97 48 1573 18 1996 1072 339 4
7 119 1609 24 12 2552 921 7 65 1084 4	7 119 28 1609 24 12 2552 6 85 7 11 7 65 31 1084 4
20 11 12 157 318 13 1785 30 4	20 11 138 6 2541
130 220 75 67 321 829 96 30 215 5205 1273 380 22 494 4	67 321 1035 96 628
5 17 11 2038 6 25 161 341 18 88 32 80 4	5 17 11 16 6 482 341
7 631 13 246 88 61 442 234 27 118 14 34 262 377 4	442 234 44 138
57 141 53 13 80 5 4860 1140 6864 6 1213 4	141 53 6 26 669 59 628 47 5 807
7 959 37 133 136 90 15 1459 2153 4	7 959 37 133 502 90 15 1459 2153 4
7 41 13 476 12 2290 9 6 26 97 389 59 53 4	7 41 13 476 12 2290 9 6 26 628 389 59 53 4
5 17 10 418 162 32 254 24 5 3981 1280 49 1528 4	5 17 10 166 136 162 32 254 24 5 3981 1280 49 1528 4
26 324 399 390 13 80 59 13 147 53 40 7 1123 4	26 75 31 358 13 233 399 390 13 80 59 13 147 53 40 7 75 4
5 1496 4315 547 2333 6 8236 47 67 680 6980 35 450 96 4	5 1496 4315 547 2333 6 9591 47 67 680 1267 3827 85 35 124 450 96 4
7 529 13 71 15 19 40 14 57 2478 12 243 645 4	12 19 71 15 10 12 16 480
7 75 31 210 2973 54 124 80 1961 90 82 4	2973 241 31 80 1961
6 5 1062 10 166 161 341 4	126 11 21
26 188 12 106 634 18 424 230 4536 4	5 19 11 12 21 634 18 424 230 110
118 7 11 498 54 9 7 11 25 185 4	7 41 12 16 64 402 54
57 12 912 2456 335 71 12 252 66 4	224 912 2456 34 27 258 21 144 4
37 584 40 7 177 28 127 53 183 135 4	7 51 48 228 53 38 25 16 70 4
15 10 5 112 1528 465 1047 72 22 183 22 103 4	15 10 5 43 1528 72 22 50 22 103 4
5 158 504 676 10 125 8	5 158 504 676 10 16 8
57 60 31 856 727 316 85 32 263 804 4	7 65 63 727 317 402 32 263 804
26 74 33 651 2711 22 88 21 849 17 10 4	5 210 88 21 849 17 10
5 723 783 72 318 4	5 723 783 72 30 6069
7 3114 9 192 2191 95 56 7 119 292 4	7 203 117 10 16
5 2204 1039 11 125 8	5 2204 1039 11 37 375
3732 7 119 443 18 84 1164 4	5 1164 174 628
428 9 7 241 28 33 369 4	428 9 7 241 33 369 4
23 4373 260 12 1258 8216 777 66 22 5 1249 4	23 4373 260 12 8216 4722 777 66 22 5 1249 4
15 19 10 57 295 4	15 19 10 57 16 4
7 33 13 217 7 11 459 185 4	7 33 13 217 7 11 459 293 4
15 10 5 579 7 51 97 77 53 4	15 10 5 579 7 51 45 77 53 4
4862 9 54 10 56 914 111 749 47 5 195 4	54 27 655 22 914 6 749 452 4
118 5 325 498 1035 96 87 11 154 6 5308 8	5 325 11 42 6 3379 4
5 307 74 1788 13 92 1901 107 15 374 2845 70 4	5 307 1602 107 5 70 4
1994 9 166 166 418 4	14 11 166 136 4
54 27 56 2116 6 56 82 20 4	54 44 655 22 2116 6 144 82 20 4
118 76 75 31 1164 350 628 364 9 87 1885 96 47 193 4	118 76 75 31 1164 350 628 364 9 87 6536 470 47 193 4
5 328 313 11 427 6 54 11 12 1437 3804 22 14 4	5 328 313 11 16 6 54 11 12 308 22 14 4
85 94 683 10 1378 5950 9 32 263 72 22 1549 4	85 94 683 10 1378 5950 9 32 263 24 1549 4
434 5 2297 75 31 92 210 187 13 139 5 2696 4	434 5 2297 1014 187 13 139 5 2696 4
209 281 651 23 196 6 1458 18 12 21 344 4348 19 4	209 281 7070 23 196 6 12 1458 18 12 21 344 4348 19 4
14 11 37 1928 9 7 369 193 85 76 11 4063 109	14 11 37 883 9 7 369 193 85 76 11 4063 109
5 17 11 421 49 43 9 250 79 649 6 28 335 73 4	5 17 11 16 9 28 79 649 6 335 73 4
17 11 301 201 182 912 149 9 7 41 5 871 4	17 11 199 201 6 93 149 9 7 41 5 871 4
11 31 385 9 56 4062 4	11 385 9 56 4062 4
5 920 236 10 169 255 4	5 920 236 10 317 255 4
15 247 36 87 260 74 4779 22 1654 8	172 1358 5 247 87 260 75 31 9592 22 1654 8
74 9 5 17 36 10 54 10 31 16 92 121 621 1912 4	5 17 54 10 16 1727 13 621 1912 4
37 7 565 23 196 639 4	7 1481 28 13 523 23 196 639 4
2915 3127 281 56 135 3542 742 5391 4	2915 3127 281 7 65 71 135 3542 20 5391
37 368 90 84 268 105 4	15 11 31 368 90 23 1195 105 4
14 1328 211 47 12 747 205 54 11 31 12 274 173 4	75 31 33 13 173 274
4898 226 41 166 79 133 8345 24 14 4	5 4898 226 41 5 165 710 22 8345
5 1572 22 5 343 57 349 6 289 300 4	1572 22 5 343 11 181
7 51 97 244 5 416 89 4	7 51 77 53 13 5 416
26 130 460 66 312 211 32 33 13 1365 12 851 4	26 460 410 22 190
7 65 31 77 53 54 89 4	7 65 244 54 89 85 5 126 11 165
15 11 121 250 5 4015 512 7 1607 30 4	26 27 487 25 468
5 824 22 61 17 10 1552 40 61 304 6 20 27 125 4	5 17 10 16 40 5 304 8817 1364 138 364
58 18 5 17 9 97 41 14 4	5 17 11 426
288 9 5 1533 203 169 13 59 107 15 4	5 1533 75 28 9593 867 15
7 119 90 5 3540 236 6 15 11 12 645 6 161 341 4	7 119 90 5 3540 236 6 15 11 12 353 933 6 73 341 4
23 854 142 5 1292 123 4155 1099 6 7 142 5 1513 1099 4	23 854 142 5 68 1292 123 4155 1099 6 7 142 5 1722 186 1513 1099 4
7 142 704 282 6 3998 2152 548 30 1068 4	7 142 186 704 282 6 3998 2152 548 30 1068 4
14 213 28 208 36 274 13 1007 2299 8	14 75 31 208 36 274 13 1007 67 2299 8
5 267 11 28 36 16 4	5 267 11 16 4
5 654 75 28 495 193 4	5 654 681 193 4
2191 95 35 57 342 350 36 35 75 31 248 13 3970 4	2191 95 35 57 342 350 9 235 35 437 77 1608 6 3970 8
289 52 268 9 7 115 31 594 14 4	289 52 93 9 7 115 31 594 14 4
14 10 74 348 507 18 23 276 4	14 10 74 25 555 9 57 13 23 276 4
17 11 1556 457 35 241 33 142 184 5 279 195 4	17 11 25 21 9 35 142 184 5 279 195 4
2826 40 28 544 9 61 3898 999 11 95 1551 4	5 3898 740 11 13 1327 18
14 1328 36 15 100 83 56 953 4	5 100 41 12 308 22 500
66 1456 299 160 215 26 60 31 198 13 2814 4	5 4013 50 5 1456 456
35 91 86 13 15 274 6394 100 285 234 4	5 100 83 86 16 1589 5 266
23 707 349 1276 538 577 1257 18 5 270 4009 22 3021 1948 4	23 707 11 380 22 17
118 7 660 9 56 66 11 49 5 720 4	118 7 660 9 550 11 49 5 720 4
35 366 14 215 6687 164 277 35 108 96 6 264 4	35 366 14 215 6687 164 9 220 995 28 13 476 4
92 5 496 491 11 25 9 25 503 22 5 3551 4	92 5 496 491 11 25 9 25 542 6 21 4
1933 34 83 86 210 13 48 381 30 61 387 1494 18 266 4	1933 34 83 86 2056 13 28 48 381 92 30 387 1494 161 5 266 4
58 553 58 26 860 7 11 71 1002 4	58 553 58 26 860 7 11 24 7774 4
5 20 10 421 6 5 100 10 57 545 4	5 20 10 81 9 6 5 100 10 166 605 545 4
40 7 1980 235 115 33 335 15 66 4	15 10 37 21 9 36 7 2748 7 115 31 33 335 14 136 8
57 148 10 50 7 124 217 4	15 11 16 9 10 50 7 124 217 4
75 26 28 33 12 2251 1543 47 1909 109	7 2914 26 33 12 2251 1543 47 1909 8
231 587 386 6740 71 2010 6 27 3708 4	231 587 386 947 21 6 7 71 5 1572 4
334 286 9 6 77 13 1568 659 4	15 11 12 16 19 13 77
35 1693 54 24 4203 9 211 35 97 959 15 4	35 39 175 1755 35 44 54
7 91 692 38 285 234 9 40 834 58 106 58 262 205 4	692 54 285 234 9 16 19
45 811 166 79 274 92 85 32 263 5 130 66 54 4	5 19 11 221 6 7 11 5 130 66
288 9 171 355 601 160 61 539 44 2739 4	171 601 49 5 370 64
37 9 36 11 23 66 6 130 64 727 5 1843 54 4	7 51 48 727 5 1843 89 25 21 223 8
209 9 7 60 31 275 5 19 25 133 4	209 7 39 15 19 25 133
66 22 5 304 1602 9 40 14 75 31 561 25 3369 4	5 1021 1602 6 11 25 3369 4
54 10 12 579 26 124 80 32 24 977 628 4	26 44 37 221 6 26 80 32 24 25 628 4
10 438 190 84 844 109	7 65 946 15 9445 190 8
24 5 274 503 9 26 75 155 169 18 59 4	24 5 274 503 9 26 44 37 137
40 477 15 1349 1785 49 3397 340 4	1349 3164 49 3397 340 9 165 47 64
475 314 9 7 33 97 3769 38 4	7 241 238 38 135 652
14 10 5 684 418 19 24 5 453 4	66 22 5 4170 24 5 453
40 61 2649 11 2963 8	61 2649 11 272 554 9 16 1198
123 328 123 11 372 40 5 648 820 2143 6 245 11 21 4	123 328 123 11 830 6 5 648 820 2143 6 245 11 815 4
37 87 124 625 12 2169 3818 18 103 4	37 87 124 625 12 232 126 18 103 4
44 35 3948 193 111 317 109	44 35 9594 193 111 317 109
15 19 83 1490 59 184 18 5 262 64 4	15 19 83 4240 59 402 89 4
60 28 891 12 2552 30 224 110 4	891 12 2552 30 224 110 924 4
60 31 351 5 520 4	5 520 10 13 1327 18
41 13 1050 66 1245 211 79 301 4	175 1245 174 72 181
5 2220 11 12 764 4	5 2220 11 102
7 809 36 34 86 23 70 8	7 45 33 12 21 70
5 365 611 11 21 40 169 255 4	5 365 611 11 52 21
422 166 7 65 97 63 1129 90 7288 792 4	422 166 7 65 63 1129 90 7288 792 4
7 141 13 766 194 6 173 18 23 159 4	1009 9 7 141 13 766 194 6 173 18 23 159 4
249 74 28 12 25 102 925 4	249 74 12 25 102 925 4
7 324 13 377 4243 30 56 1353 4	7 389 6 108 84 5735 1353 4
26 1291 59 18 139 28 256 9 6 1695 28 2572 4	26 130 1291 59 18 139 256 9 6 1695 2572 4
14 451 268 6 1627 4	14 213 31 336 268 111 1627
87 75 28 278 23 377 422 4	87 1050 23 377
85 32 1878 12 308 60 28 334 49 15 327 4	85 32 1878 12 308 334 49 15 327
7 65 780 173 18 199 17 162 33 14 301 6 855 4	7 60 31 928 443 18 199 17
5 17 38 10 329 6 1256 6 106 4	5 17 38 10 31 329 111 1256
15 66 10 28 47 5 2292 4	15 66 10 165 47 5 2292 4
18 5 2638 7 177 12 21 1007 9 7 360 1579 8	18 5 2638 7 177 12 815 1007 9 7 360 50 2705 22 1579 8
5 4919 2168 10 28 84 943 422 4	5 4919 2168 10 57 16 9 79 4
25 862 9 1439 13 33 12 1006 13 403 33 12 21 64 4	97 862 9 655 22 9595 13 33 12 21 64 4
7 352 14 34 148 118 304 2052 36 166 4	7 352 14 34 131 118 304 2052 36 166 4
7 227 331 359 18 12 426 416 4	7 257 31 331 359 18 12 426 416 225 4
32 124 28 511 59 13 78 238 38 8	32 124 28 511 59 13 28 78 238 38 8
682 986 707 11 21 9 854 203 9 40 719 44 301 4	682 986 707 11 21 9 854 203 9 719 44 199 4
225 5 17 281 28 125 9 40 1268 545 4	225 5 17 281 28 106 9 605 545 4
15 10 1031 5 112 1203 17 7 91 41 24 23 444 4	15 10 1031 5 43 1203 17 7 91 41 24 23 444 4
56 190 10 88 24 248 13 167 4	7 248 13 167 15 12 9445 72 22 9445 312 851 4
118 14 174 35 241 33 898 14 53 4	118 14 174 35 44 37 128 4
5 1483 10 37 268 6 451 412 4	5 1483 10 25 158 6 451 21 4
7 119 28 1302 13 208 5 1006 4	1334 1302 13 208 5 1006 8
15 19 6012 71 268 3803 18 129 579 4	15 19 6012 158 6 93 4
1112 564 26 161 2538 6 777 1121 4	26 45 1121 6 331 4692 25 128 82
7 994 210 251 7 11 1669 316 426 4	15 10 963 88 7 11 1669 8
169 36 255 107 15 19 4	117 11 37 255 107 15 19
9505 34 1788 47 175 1717 4	9505 6805 117
504 56 944 1466 107 5 1484 70 4	5 504 1466 37 133 18 5 1484 70 4
6091 693 7737 49 216 9 7 11 5 130 66 24 5 705 4	6091 693 7737 49 216 9 7 259 326 5 130 66 24 5 705 4
5 2122 2019 11 25 1566 6 41 978 1572 4	5 2122 2019 11 25 574 6 41 12 55 1572 4
260 5 19 92 314 14 10 390 1247 13 106 4314 4	260 5 19 92 314 14 10 379 1247 13 21 4314 4
28 235 6 7 60 31 198 8	177 235 9 6 7 198 8
239 362 22 23 444 7 124 97 80 53 4	239 362 22 23 444 7 11 128 13 167 96 4
1781 184 23 679 4187 6 578 2741 22 1191 1655 4	25 16 70 30 5 679 4187 6 131 1191 1655 4
25 185 6 65 334 1550 22 15 19 4	25 128 165 225 6 51 5368 244 24 5 878 13 15 19 4
20 484 9 3182 11 106 1418 2514 178 274 4181 4	20 11 16 9 25 653 173 64 9 101 63 4
521 64 9 28 37 21 4	25 16 64 38 18 5 1749 64 4
5 282 11 855 6 5 1049 11 1883 4	5 282 11 62 9 6 5 1049 11 478
87 75 31 92 640 215 64 18 59 13 147 24 4	87 7053 782 215 64 18 59 13 147 24 4
88 5 819 27 32 595 109	88 34 36 770 299 32 27 595 109
5 588 49 5 436 720 11 28 25 42 4	5 588 49 5 436 720 11 25 42 4
7 11 28 293 9 6 65 28 63 15 19 4	7 11 293 9 6 7 437 63 15 19 4
5 2366 226 11 79 298 79 4	5 2366 226 11 910 298 58 73 4
498 9 5 245 1128 11 1359 6 11 316 40 1128 4	5 245 1128 11 181 6 734 4
7 966 903 9 6 5 1345 1909 203 23 3664 11 21 4	7 11 930 13 360 23 3664 211 14 11 21 182 4
4354 9 4354 9 3222 47 2059 4	3673 3673 48 342 8
571 281 56 2945 111 316 9 37 32 57 33 13 567 4	25 16 571 2945 25 379 571 70 4
7 241 33 1609 30 2365 337 463 4	15 11 12 25 16 19 13 1325 24 49 4
28 37 16 17 6 20 4	114 16 17 6 20 4
15 10 84 268 2357 72 327 4	15 10 84 268 2811 327 4
5 99 10 782 522 1034 6 14 34 926 24 265 4	5 99 10 16 522 1034 6 14 34 689 24 265 4
5 2392 27 25 6150 58 1065 4	5 2392 27 25 218 58 1065 4
15 19 10 541 12 1437 1323 4	15 19 10 541 12 16 19 4
15 19 10 12 1437 1323 30 1437 20 4	15 19 10 25 55 30 16 20 4
288 9 14 810 72 13 48 169 71 7 518 14 65 4	15 810 72 963 187 7 518 14 65 4
141 53 24 18 4964 9 1820 182 3624 4	141 24 18 84 4964 6 117 964 72 4
20 11 57 58 368 4	5 20 11 62 4
7 60 28 63 269 13 15 870 4	7 65 63 171 13 233 15 870
5 130 299 7 11 782 11 12 378 740 4	5 130 299 7 11 31 782 11 12 378 740 4
504 213 28 561 13 198 4	504 52 561 13 198 4
7 41 12 125 70 9 6 7 934 65 28 147 53 4	7 41 12 16 70 9 6 7 3404 65 147 53 4
14 10 28 52 1542 313 4	14 10 52 1542 313 4
75 31 92 80 12 1353 4	92 108 12 1353 4
657 13 217 9 7 2803 5 151 325 3877 160 1488 4	7 2803 5 151 325 6 87 366 134 12 16 4405
23 439 174 24 18 2339 6 11 675 348 2953 4	5 46 675 193 1026 118 76 174 24 18 193 2339
7 142 12 5030 219 30 12 397 22 3257 123 4	5 7379 219 6 9596 123 44 13 1327 18
41 14 28 86 37 1619 199 9 14 65 33 57 86 4401 4	5 711 41 5 181 9597
76 75 640 59 12 4228 85 7 65 71 12 1394 395 443 4	76 782 59 12 1394 395 7 470 180 11 25 55
7 4215 13 477 103 210 40 26 958 994 198 4	7 4215 13 477 103 210 26 52 60 198 4
7 2747 2700 2926 187 329 61 2424 52 27 4	7 408 1576 187 16 61 2424 52 27 8
14 75 31 80 1230 4	7 2914 14 34 127 13 80 1230 4
35 51 28 48 228 53 4	35 51 69 48 228 53 8
87 115 31 403 1163 193 1960 9 314 4	87 115 52 1163 193 1960 9 314 4
155 148 9 60 28 159 90 15 19 4	155 627 9 60 159 90 15 19 4
519 4938 1769 9 9095 9 28 37 133 4	519 4938 1769 9 9095 9 114 21 79 4
92 5 494 289 125 4	92 5 494 289 16 4
6 5 17 10 569 28 58 21 58 5 163 1141 4	6 5 17 10 569 58 21 58 163 1141 4
1956 21 213 31 14 109	1956 16 213 31 14 109
40 14 11 435 6 199 24 54 4	5 2004 11 28 505 1516 40 249 487 12 21 3507 24 54
673 9 5 346 44 411 9 40 629 10 31 117 4	14 11 411 6 21 364 18 9598 110
14 11 161 328 6 25 390 4	14 11 12 157 880
7 33 28 460 258 84 614 4996 12 82 277 4	87 10 487 47 5 9599 397 40 87 423 33 86 591 12 106 222
5 209 104 27 28 2162 30 4297 4	5 104 27 47 1354 30 4297
79 106 14 11 49 5 6189 22 5 163 383 4	79 106 14 11 31 49 5 6189 22 5 163 383 4
35 227 246 85 36 2240 9 40 7 119 28 4246 23 3277 4	35 227 246 85 36 213 31 1476 9 40 7 119 28 4246 23 3277 36 14 257 31 4
6 504 213 31 60 316 107 14 4	6 504 213 317 107 14 4
56 1234 224 466 27 2442 96 50 214 5 453 4	56 1234 224 466 27 31 2442 96 50 214 5 453 4
88 44 32 127 13 625 59 118 7 1022 12 2368 822 109	88 44 32 127 13 625 59 118 7 1022 12 2368 68 822 109
7 119 182 1538 23 5510 737 8	7 119 182 1538 23 98 5510 737 8
224 526 5 144 10 114 1630 4	224 526 5 144 10 114 96 13 1354 4
15 1028 241 28 48 24 5 20 2635 24 887 30 36 614 4	15 1028 9600 24 5 20 2635 24 887 30 36 16 614 4
20 11 545 40 115 28 188 96 18 5 297 17 6 387 4	20 11 605 545 58 73 58 5 17 6 387 4
23 404 41 13 630 96 13 5 150 13 19 67 396 159 4	23 404 75 31 33 13 630 96 13 5 150 13 19 67 396 159 4
6 5 99 11 301 9 649 9 6 1473 348 306 4	5 99 11 468 9 28 649 9 6 1473 289 16 4
457 26 44 591 12 106 205 109	7 60 31 352 26 44 591 12 106 205 4
15 19 10 412 6 503 194 6 5 20 2423 8	15 19 10 102 9 28 503 194 9 6 5 20 11 16 4
5 130 299 35 460 36 11 199 11 5 261 4	117 11 199 1210 5 261 4
37 9 14 141 24 5 1238 4	7 65 97 471 14 24 5 1238 4
14 11 3807 18 50 3711 9 314 7 60 31 352 87 1239 4	14 11 176 18 50 54
37 7 142 23 1317 903 9 1800 84 619 18 239 526 72 4	5 727 11 221 6 5 619 379
2193 9 7 60 31 208 183 1039 2574 30 59 4	56 1039 2574 51 77 30 59
5 273 10 31 106 9 40 5 17 11 502 162 6479 4	273 6 17 44 207 16
118 14 498 174 72 9 14 11 106 4	14 174 72 6 11 16
738 107 2673 3271 37 377 277 32 77 8	56 358 13 377 277 32 77 4
5 17 10 31 79 106 40 5 20 10 148 4	5 17 11 21 6 5 20 11 21 4
732 1313 9 1081 9 56 163 265 4	732 1313 44 790 6 68 4
40 5 82 20 5299 14 50 18 59 4	5 82 20 156 14 18 59 4
7 57 338 72 9 389 5 325 13 1617 4	7 338 161 6 389 5 325 13 3046 4
7 11 25 185 30 15 19 4	7 11 31 185 30 15 19 49 50 4
37 32 27 31 23 445 4 192	60 31 3437 9 32 44 31 23 445 4
448 9 5 1635 6566 27 28 5396 4	5 1635 6566 27 5396 4
6940 7 358 13 254 12 6323 18 633 5043 4513 95 4	7 60 31 352 7 358 12 158 6323 18 633 5043 4513
76 213 31 217 316 6 57 3354 286 4	76 213 31 630 286 6 83 655 13 217 4
5 762 142 5 653 1036 1738 9 74 5872 6 372 4	5 653 1036 1738 11 482 335 6 979 4
5 46 11 2463 13 48 260 4	5 46 11 510 3173 4
14 289 71 2213 2436 6 41 5 370 1051 2115 4	14 289 62 6 41 12 16 2115 4
14 75 31 1201 22 76 10 21 49 50 163 234 4	76 10 21 49 183 64 4
7 2013 15 6 87 141 53 13 208 198 22 5 582 4	87 253 198 22 5 582 2846 4
874 94 197 153 94 3053 4	56 358 13 3437 107 3053 4
88 12 351 22 23 64 6 2780 4	88 12 131 360 22 23 64 4
66 11 18 23 583 9 6 66 11 18 23 439 34 583 4	239 18 23 768 1722 4
23 1508 18 28 359 135 7177 9 7 567 4	7 349 52 516 4
5 287 11 31 1129 4	5 287 11 413 1129 4
112 82 20 7 33 78 41 4	43 82 20 7 33 78 41 4
584 88 83 960 13 15 267 238 4	16 88 83 960 13 15 267 238 4
6 18 15 579 9 7 257 31 278 4	6 18 15 579 9 7 51 278 4
15 2376 10 432 418 6 418 4	15 2376 10 432 136 6 136 4
26 1788 13 499 134 469 24 5 150 11 84 844 4	26 960 13 499 134 469 24 5 150 11 84 844 4
26 124 172 32 18 5 700 851 4	26 124 172 32 18 12 21 851
7 75 31 92 170 14 4	7 519 50 22 14
15 11 5 143 64 7 78 4962 90 12 868 4	15 11 5 143 64 7 78 4962 22 5046 90 12 868
54 11 56 1523 13 67 287 4	54 11 12 42 287 30 12 16 1523
85 7 11 31 30 23 3504 9 7 65 91 338 72 4	85 7 11 31 30 23 3504 7 65 91 7522 18 2939
7 75 31 210 3795 11 12 797 4	3795 11 12 797 9 345 1334 293
7 119 235 26 423 80 14 165 129 526 40 28 15 222 4	26 108 14 165 9 1792 208 103 274
141 13 5 718 691 13 2756 67 840 34 1958 5523 4	141 13 718 691 6 41 12 16 64 30 23 840 18 193 5523
15 10 5 1450 64 26 91 2060 96 36 1360 4	5 108 5 1360 165 15 64 160 12 363 3820
5 892 247 10 12 351 22 64 9 2000 6 197 4	892 247 11 114 290 9 73 116 5 126
7 74 342 350 7 65 476 350 129 21 4194 903 4	7 342 350 7 65 476 81 4194 903 4
288 9 5 325 174 53 153 342 59 23 159 11 228 96 4	5 325 342 59 23 159 11 228 96 183 915 8
10 36 12 21 299 111 12 106 299 109	7 2914 14 34 12 21 299 9 6 28 12 106 299 4
3178 5 325 10 12 125 512 4	3178 5 325 10 84 347 512 4
14 11 37 133 28 21 36 7 57 529 72 22 54 4	14 11 37 21 36 7 75 31 248 72 22 54 4
35 342 103 13 1644 14 9 35 75 31 248 13 173 4	35 342 103 28 13 1644 14 9 35 529 13 173 4
143 9 5 695 11 84 12 603 1323 4	143 9 5 695 11 98 4
155 486 334 286 90 15 19 4	155 98 9 302 31 334 286 90 15 19 4
7 567 92 16 466 33 106 526 4	7 567 16 466 60 31 33 106 526 4
428 73 9 271 1466 95 165 109	428 73 9 26 198 95 165 109
35 51 758 67 197 639 4	35 51 69 48 2126 135 22 67 197 38
7 51 97 1022 215 3032 1594 89 4	7 51 48 53 13 80 215 3032 1594
3486 983 6 2580 1487 603 7 601 18 36 4	16 983 50 92 9 715 7 601 5 126 7 601
35 75 31 476 30 316 36 222 4	35 264 30 12 308 22 398 36 222
125 9 125 9 125 20 8	258 16 20 9 124 28 4408 14 364
225 14 10 28 37 847 6 276 71 183 163 99 19 4	14 34 847 6 670 62 4
15 1151 22 1437 366 59 2128 4535 18 23 315 4	7 41 68 4535 18 23 315 4
7 119 28 12 483 22 296 797 466 4	7 39 296 797 466 4
5 313 11 301 6 390 6 5 276 11 25 329 4	5 313 11 468 6 5 276 11 16 4
32 124 28 4146 110 1347 47 3266 4	32 124 4146 110 1347 47 61 2770 4
32 27 28 5 130 19 24 212 30 290 99 4	290 99 26 41 38
5 415 2020 548 174 72 2202 6 425 4	5 548 174 72 16 6 186
56 2555 6 61 17 10 1384 4	5 17 11 16 6 25 617
7 65 97 4646 269 13 535 38 4	65 63 269 13 535 38
41 13 173 12 801 13 80 24 4	108 24 628
16 17 40 125 46 6 25 25 154 876 8	16 17 6 81 46 6 25 25 55 876 4
14 11 23 262 816 852 23 952 4	14 11 23 105 816 852 23 952 4
320 515 11 4866 5988 6177 2529 13 180 5 226 10 5 2338 4	320 515 11 4866 5988 6177 2529 13 180 5 98 226 10 5 2338 4
60 28 77 38 85 32 27 2016 24 469 21 17 4	60 28 77 38 85 32 27 2016 24 469 106 17 4
1082 1036 11 2548 6 28 335 1290 1778 4	1082 1036 11 28 2548 6 11 335 1290 1736 4
568 7 651 50 1441 18 15 333 4	7 7070 135 1441 18 15 333 4
1301 13 217 35 51 48 127 13 163 2345 1141 90 225 47 4	35 51 334 30 15 2345 120 4
7 753 188 14 53 13 5 150 40 7 51 1259 5 100 4	7 119 127 53 13 5 150 6 612 14 13 5 100 4
477 59 499 32 9 15 19 11 250 90 385 8	5 19 11 580 385 4
14 34 28 133 71 84 1714 2473 1383 9 180 10 2508 4	14 34 71 84 1714 2473 1383 4
5 833 933 83 86 1058 58 73 58 193 255 222 4	5 833 933 11 12 2895 58 73 58 193 255 222 4
1692 24 15 126 11 12 1124 865 1702 6 84 160 3641 1702 4	1692 24 15 126 11 12 270 1124 865 1702 6 12 9601 160 3641 1702 4
5 130 1250 11 930 13 170 11 5 855 1419 365 8	5 163 1250 7 11 930 13 170 11 5 131 1419 365 8
163 162 36 9 7 52 60 31 210 88 11 21 107 14 4	163 162 36 9 7 52 60 31 210 88 11 106 107 14 4
5 17 10 28 36 303 4	5 17 10 25 303 4
403 9 57 331 1098 4	403 9 77 47 24 4
448 9 14 10 5 112 4	4047 9 14 10 5 43 4
5 19 83 859 558 971 161 5 266 4	5 19 83 859 2132 161 5 266 4
28 37 133 224 526 4	133 135 224 526 4
75 31 229 71 2226 30 5 466 2272 13 5663 4	349 904 13 6535 5 466 2272 13 5663 4
15 10 5 112 2341 1622 120 54 10 8	15 120 10 28 36 16 40 14 11 16 277
5 680 65 31 450 49 50 4	5 680 11 7232
23 742 44 25 1274 6 76 75 31 92 60 12 21 168 4	742 44 138 6 35 324 13 356 171 1722 138
5 3712 1321 5015 24 5 4585 10 25 905 4	54 906 48 317 300 30 5 4585 2004 40 14 83 429 86 1095
35 220 1794 67 159 30 67 202 154 6 958 430 3671 287 4	5 159 11 1794 40 5 490 75 28 80 117 165 37 87 369 103 13 1652 5 159
7 753 57 2180 1832 13 6131 61 5498 139 4	7 753 57 2180 1832 13 6131 61 394 144 139 4
14 10 166 671 201 3622 13 88 26 773 8	14 10 166 9602 201 3622 13 88 26 773 8
15 10 12 148 1958 4	15 10 12 16 1958 4
23 2201 6 2381 11 475 926 4	23 2201 6 2381 11 475 9603 4
934 9 7 51 332 97 48 930 13 170 49 15 19 89 4	3404 9 7 51 332 48 930 13 170 49 15 19 89 4
5 2195 34 349 71 123 3459 9 6 44 926 265 4	5 2195 34 44 37 62 9 6 41 258 12 1507 265 4
7 349 214 6 54 44 182 383 4	5 19 11 577 30 3069 383 8
7 203 14 11 435 13 92 773 15 13 3421 4	15 17 11 16 18 3421 4
35 207 260 14 880 603 6 56 7479 4	5 17 11 482 335 9 6 410 22 16 7479 4
24 1237 23 3022 27 1336 90 5 737 6 50 161 5 1010 4	23 737 44 37 21 9 6 5 2295 3234 117 7 19 4
401 85 49 50 917 4	77 38 56 1201 88 4
7 60 28 71 13 48 2110 161 9 111 653 975 4	7 518 5 104 44 484 4
35 369 187 274 5 173 65 48 9 76 203 76 11 5528 4	76 11 114 21 30 5 5590 64 18 12 400 4
14 34 57 79 507 18 88 32 80 4	5 104 44 16 4
74 9 115 26 28 523 12 997 2766 22 245 111 679 2189 109	26 41 655 22 245 6908 6 679 1389 4
141 420 15 120 13 1548 14 184 4	141 420 15 98 120 13 1548 14 184 4
35 141 54 47 12 385 2039 816 6 5 20 11 202 318 4	35 141 54 47 12 385 2039 816 6 5 20 11 202 138 4
85 7 11 5 325 9 7 437 2059 36 1326 47 5 200 4	85 7 11 5 325 9 7 437 9604 36 1326 47 5 200 4
79 106 79 211 26 2242 84 347 273 4	79 298 79 211 26 2242 84 347 273 4
5 17 11 700 144 6 3047 935 628 30 157 265 4	5 17 11 394 144 6 3047 935 9605 30 12 308 22 265 4
5 273 11 55 6 301 8	5 273 289 140 4
5 1028 271 696 24 5 849 10 125 4	5 1028 24 5 849 11 16 4
51 97 77 53 13 2659 178 26 3623 4464 90 59 8	7 51 45 77 53 13 2659 178 26 1920 23 5627 4
54 27 133 136 309 18 191 4	54 27 56 136 309 18 191 4
5 4668 1574 321 11 12 296 4429 4	5 1574 321 11 12 399 3743 4
14 34 28 23 3370 9 40 14 34 28 306 4	14 34 12 25 353 933 4
2191 9 7746 9 14 213 31 358 4904 57 626 4	14 213 31 78 358 4904 4
1384 19 9 112 17 4	62 19 9 16 17 4
657 13 217 9 7 51 28 48 586 13 15 19 78 89 4	7 51 48 586 13 15 19 2293 4
6266 9 61 2263 27 1473 1638 162 163 309 4	5 2263 27 3302 13 163 309 4
316 26 217 9 585 24 1913 4	316 26 217 9 26 167 24 1913 4
15 10 12 250 4369 90 399 158 279 1351 4	15 10 12 516 377 90 399 158 279 1351 4
40 448 5 154 1028 11 5 66 1041 134 72 4	40 4047 5 154 1028 11 31 5 66 1041 134 72 4
3617 24 6550 24 848 6 920 1045 30 3063 27 28 618 96 4	3617 24 6550 24 848 6 920 1045 30 3063 27 73 618 96 4
106 20 24 224 2041 6 52 1058 67 244 4	21 20 24 224 2041 6 52 156 67 244 4
85 7 41 529 14 2154 7 65 33 2154 14 703 8	14 115 91 86 264 18 59 13 774
76 57 3154 12 677 577 433 6 338 184 4	76 253 433 30 193 58 76 141 121
478 9 700 126 473 6 5 6249 1380 4	478 6 62 473 27 786
5 648 1220 44 295 40 28 16 4	5 648 1220 44 655 21
5 445 10 169 11 21 4	7 11 31 58 748 58 7 9606 33 4959 4
7 324 13 56 5098 4	7 324 13 133 2895
3409 10 74 408 58 106 58 1455 47 5838 4	3409 10 28 37 106 71 1455 47 5838
125 168 47 539 6 2620 4	21 168 47 539 6 2620
7 1123 13 1022 183 22 5 1832 1347 47 144 4	7 3308 13 1022 5 1832 1347 47 144 4
2198 282 241 48 782 49 56 625 4	282 11 782 49 56 625
569 9 54 27 250 2134 309 13 77 18 204 4	569 9 15 10 12 2134 19 13 77 18 204 4
253 23 3185 13 80 7640 6 12 158 4157 471 47 14 4	253 23 3072 13 80 7640 6 26 471 12 158 4157 47 14 18 59 4
2375 2375 2375 99 442 8	2012 99 442 8
36 512 1792 80 61 223 665 171 355 11 1230 30 61 223 4	36 512 460 61 223 93 6 199 395 171 355 11 4758 61 223 4
5 19 10 270 9 7 119 235 76 115 33 2372 14 72 4	5 19 11 1190 9 7 119 235 76 115 33 2372 14 72 4
26 1544 9 1544 6 60 31 511 813 13 61 383 4	26 511 25 133 813 13 383 8
999 2304 40 169 255 4	117 11 21 9 6 5 999 11 25 186 4
56 950 30 23 1315 111 841 4	25 55 950 156 23 9607 6 841 16
7 389 49 6282 6 108 5 863 7672 184 4	7 389 49 9608 6 11 669 165 286 8
288 9 15 70 141 114 1616 4	15 70 11 25 16
26 263 2463 1004 183 4041 36 4957 72 4	19 11 37 348 9 56 66 11 6480
429 61 244 9 5 130 7031 35 91 662 44 1258 8	54 44 56 7031 24 5 19
76 11 432 1490 9 6 37 44 35 4	76 11 25 55 9 76 669 134 72
75 31 561 13 198 107 61 168 4	76 179 193 168
65 33 2238 2109 85 7 115 4	7 65 2238 15 12 157 1638 85 7 115
28 4324 111 468 49 50 4	14 11 25 4324 6 468 4
37 66 512 65 170 395 171 355 11 836 6 443 18 2780 4	171 470 13 170 665 171 804 41 2780 4
7 60 28 71 5 629 22 5 2079 1010 4	7 39 5 629 22 15 2079 1010 8
15 120 10 132 385 6 52 115 360 1726 5 46 4	14 34 21 15 120 83 1726 5 46 9 429 14 34 37 385 4
7 567 870 82 742 10 130 21 49 129 1141 4	870 742 27 21 49 175 120 8
61 245 7 119 2820 11 22 5 5616 509 4	26 41 98 9609 245
56 9 28 5 1172 49 5663 9 5 1172 24 6463 394 4	14 11 2207 28 5 1172 49 5663 40 5 1172 24 6463 394
578 1447 1048 18 146 262 775 49 8915 49 5 9506 4	578 1028 1048 18 12 55 146 262 775 49 8915 49 5 9506
3795 204 9 32 27 37 1670 13 59 4	3795 204 9 32 27 37 62 13 59
538 22 23 1281 11 161 4042 4	538 22 23 1281 11 4042 73
84 268 2297 75 23 841 4	12 1063 1028 75 23 841 4
71 14 34 86 24 12 3618 18 12 481 4	71 14 83 31 86 24 12 3618 18 12 481 4
206 56 9 35 27 127 13 33 12 7040 2624 4	206 673 9 35 27 127 13 33 12 7040 2624 4
118 7 1169 96 5 159 9 7 11 826 215 413 426 126 4	118 7 1169 96 5 159 9 7 11 826 215 413 426 9 1641 126 4
26 60 28 1939 129 22 5 216 2573 1695 4	26 1939 129 22 5 216 2573 1695 4
